1	329
2	130
3	104
4	235
5	12
6	294
7	475
8	203
9	438
10	170
11	7
12	283
13	278
14	63
15	311
16	242
17	470
18	309
19	205
20	421
21	332
22	313
23	459
24	109
25	137
26	298
27	200
28	91
29	362
30	72
31	214
32	371
33	171
34	210
35	42
36	350
37	210
38	405
39	153
40	306
41	52
42	368
43	217
44	488
45	47
46	217
47	47
48	279
49	389
50	224
51	29
52	125
53	71
54	138
55	186
56	168
57	38
58	222
59	363
60	182
61	6
62	408
63	350
64	156
65	119
66	393
67	218
68	299
69	78
70	275
71	296
72	156
73	206
74	292
75	96
76	299
77	455
78	101
79	485
80	227
81	12
82	82
83	198
84	24
85	397
86	17
87	431
88	215
89	395
90	172
91	70
92	414
93	322
94	443
95	335
96	230
97	306
98	233
99	71
100	325
101	268
102	486
103	13
104	232
105	448
106	333
107	358
108	112
109	335
110	241
111	10
112	108
113	302
114	466
115	412
116	260
117	25
118	129
119	333
120	311
121	484
122	21
123	432
124	422
125	111
126	460
127	165
128	40
129	1
130	34
131	160
132	20
133	176
134	394
135	205
136	466
137	418
138	228
139	347
140	491
141	421
142	328
143	13
144	52
145	439
146	80
147	39
148	419
149	88
150	43
151	121
152	130
153	163
154	264
155	359
156	78
157	96
158	51
159	161
160	203
161	16
162	14
163	353
164	139
165	98
166	224
167	280
168	450
169	47
170	67
171	344
172	61
173	448
174	315
175	304
176	396
177	452
178	161
179	335
180	334
181	30
182	472
183	364
184	20
185	45
186	101
187	283
188	185
189	99
190	411
191	481
192	139
193	150
194	129
195	437
196	140
197	235
198	299
199	337
200	99
201	222
202	228
203	86
204	328
205	33
206	230
207	145
208	68
209	57
210	418
211	406
212	304
213	467
214	455
215	309
216	85
217	211
218	18
219	272
220	237
221	201
222	301
223	461
224	70
225	495
226	404
227	64
228	90
229	277
230	146
231	394
232	172
233	250
234	382
235	160
236	218
237	207
238	315
239	202
240	179
241	44
242	304
243	356
244	91
245	494
246	425
247	24
248	436
249	83
250	372
251	203
252	258
253	227
254	294
255	179
256	36
257	148
258	39
259	495
260	244
261	254
262	10
263	149
264	361
265	207
266	219
267	150
268	356
269	16
270	468
271	219
272	488
273	307
274	8
275	241
276	229
277	31
278	152
279	199
280	424
281	44
282	304
283	232
284	492
285	408
286	160
287	245
288	409
289	340
290	273
291	52
292	71
293	256
294	393
295	37
296	349
297	499
298	147
299	118
300	108
301	450
302	448
303	70
304	467
305	401
306	42
307	14
308	324
309	125
310	62
311	270
312	86
313	460
314	453
315	444
316	39
317	374
318	86
319	158
320	179
321	89
322	228
323	111
324	260
325	30
326	248
327	450
328	230
329	365
330	103
331	47
332	200
333	279
334	83
335	140
336	133
337	392
338	55
339	187
340	454
341	489
342	383
343	436
344	116
345	315
346	466
347	137
348	18
349	106
350	115
351	137
352	223
353	265
354	459
355	62
356	375
357	211
358	371
359	125
360	467
361	183
362	130
363	479
364	120
365	313
366	493
367	373
368	435
369	306
370	430
371	199
372	376
373	155
374	35
375	193
376	285
377	21
378	486
379	438
380	348
381	175
382	423
383	292
384	141
385	225
386	340
387	399
388	25
389	174
390	479
391	22
392	242
393	287
394	445
395	231
396	185
397	196
398	337
399	330
400	499
401	6
402	473
403	207
404	255
405	480
406	385
407	177
408	41
409	57
410	455
411	185
412	423
413	141
414	224
415	149
416	137
417	137
418	29
419	56
420	310
421	267
422	372
423	170
424	209
425	83
426	219
427	351
428	326
429	303
430	110
431	455
432	86
433	429
434	212
435	460
436	339
437	214
438	30
439	307
440	287
441	169
442	153
443	10
444	182
445	430
446	333
447	286
448	289
449	436
450	246
451	367
452	361
453	368
454	38
455	216
456	245
457	240
458	389
459	457
460	456
461	14
462	65
463	110
464	242
465	474
466	262
467	289
468	250
469	15
470	264
471	141
472	145
473	289
474	197
475	90
476	450
477	114
478	227
479	86
480	44
481	415
482	314
483	242
484	447
485	181
486	104
487	391
488	290
489	23
490	438
491	72
492	277
493	253
494	272
495	91
496	429
497	115
498	385
499	426
500	200
501	491
502	492
503	97
504	486
505	114
506	90
507	453
508	49
509	105
510	228
511	450
512	74
513	33
514	417
515	433
516	277
517	274
518	454
519	22
520	469
521	389
522	333
523	439
524	315
525	474
526	328
527	301
528	157
529	319
530	394
531	220
532	118
533	367
534	381
535	26
536	302
537	349
538	143
539	77
540	424
541	173
542	224
543	216
544	265
545	21
546	483
547	265
548	274
549	10
550	291
551	273
552	353
553	168
554	390
555	92
556	20
557	75
558	245
559	466
560	102
561	290
562	12
563	198
564	449
565	294
566	40
567	68
568	391
569	55
570	248
571	148
572	440
573	430
574	458
575	84
576	425
577	314
578	203
579	317
580	333
581	174
582	322
583	388
584	88
585	312
586	135
587	264
588	425
589	163
590	129
591	81
592	123
593	489
594	413
595	500
596	438
597	178
598	360
599	283
600	36
601	71
602	470
603	226
604	216
605	384
606	89
607	315
608	361
609	488
610	340
611	483
612	123
613	80
614	90
615	433
616	358
617	96
618	342
619	419
620	134
621	118
622	252
623	189
624	407
625	168
626	78
627	239
628	115
629	140
630	114
631	293
632	219
633	8
634	194
635	193
636	21
637	308
638	240
639	393
640	399
641	496
642	165
643	421
644	311
645	76
646	230
647	363
648	168
649	453
650	334
651	337
652	439
653	13
654	255
655	153
656	163
657	378
658	231
659	441
660	44
661	415
662	244
663	226
664	43
665	364
666	304
667	129
668	159
669	58
670	414
671	276
672	251
673	143
674	189
675	473
676	249
677	497
678	450
679	439
680	420
681	54
682	428
683	150
684	210
685	4
686	177
687	431
688	112
689	475
690	112
691	8
692	118
693	376
694	228
695	162
696	424
697	317
698	70
699	77
700	373
701	74
702	373
703	435
704	80
705	9
706	129
707	494
708	448
709	443
710	289
711	79
712	144
713	475
714	212
715	283
716	168
717	98
718	260
719	268
720	254
721	192
722	87
723	10
724	337
725	310
726	366
727	197
728	234
729	413
730	2
731	153
732	489
733	17
734	72
735	352
736	226
737	409
738	162
739	319
740	186
741	22
742	477
743	264
744	109
745	216
746	438
747	88
748	148
749	49
750	442
751	24
752	10
753	218
754	59
755	138
756	66
757	70
758	392
759	141
760	480
761	117
762	443
763	216
764	220
765	5
766	270
767	124
768	87
769	35
770	477
771	149
772	158
773	300
774	59
775	406
776	441
777	291
778	64
779	11
780	336
781	245
782	288
783	126
784	473
785	93
786	234
787	482
788	298
789	302
790	356
791	170
792	143
793	247
794	83
795	19
796	353
797	255
798	196
799	351
800	217
801	24
802	303
803	294
804	264
805	476
806	253
807	262
808	88
809	298
810	86
811	125
812	62
813	423
814	152
815	308
816	77
817	45
818	99
819	347
820	99
821	451
822	31
823	292
824	439
825	169
826	295
827	27
828	30
829	251
830	325
831	41
832	211
833	120
834	63
835	421
836	194
837	274
838	405
839	297
840	150
841	90
842	356
843	175
844	248
845	432
846	196
847	352
848	192
849	244
850	119
851	271
852	163
853	260
854	84
855	143
856	421
857	24
858	274
859	81
860	209
861	389
862	236
863	68
864	158
865	271
866	431
867	10
868	249
869	431
870	184
871	346
872	347
873	123
874	198
875	242
876	192
877	325
878	157
879	130
880	249
881	277
882	435
883	70
884	365
885	499
886	106
887	217
888	124
889	255
890	53
891	368
892	458
893	411
894	329
895	394
896	438
897	324
898	213
899	337
900	168
901	326
902	353
903	238
904	304
905	27
906	30
907	323
908	355
909	110
910	488
911	105
912	76
913	489
914	408
915	295
916	329
917	96
918	179
919	321
920	343
921	39
922	23
923	380
924	431
925	235
926	206
927	66
928	117
929	101
930	341
931	382
932	227
933	248
934	72
935	426
936	50
937	401
938	344
939	383
940	308
941	58
942	469
943	153
944	304
945	185
946	388
947	489
948	352
949	264
950	244
951	266
952	270
953	53
954	340
955	46
956	100
957	418
958	302
959	432
960	153
961	220
962	3
963	426
964	407
965	25
966	480
967	367
968	13
969	385
970	104
971	480
972	296
973	37
974	364
975	75
976	345
977	94
978	95
979	394
980	182
981	275
982	117
983	71
984	219
985	173
986	423
987	379
988	174
989	92
990	340
991	44
992	371
993	452
994	223
995	102
996	357
997	462
998	483
999	39
1000	280
1001	368
1002	386
1003	357
1004	452
1005	490
1006	406
1007	231
1008	47
1009	239
1010	381
1011	135
1012	458
1013	270
1014	429
1015	318
1016	469
1017	346
1018	253
1019	295
1020	244
1021	384
1022	350
1023	451
1024	281
1025	227
1026	1
1027	472
1028	388
1029	110
1030	266
1031	178
1032	75
1033	435
1034	129
1035	34
1036	433
1037	464
1038	188
1039	406
1040	365
1041	274
1042	464
1043	425
1044	153
1045	275
1046	131
1047	237
1048	315
1049	439
1050	152
1051	198
1052	466
1053	20
1054	80
1055	239
1056	292
1057	471
1058	257
1059	9
1060	267
1061	485
1062	464
1063	56
1064	358
1065	370
1066	415
1067	186
1068	468
1069	295
1070	419
1071	22
1072	105
1073	82
1074	457
1075	122
1076	381
1077	420
1078	267
1079	50
1080	76
1081	82
1082	310
1083	9
1084	186
1085	445
1086	14
1087	479
1088	159
1089	165
1090	72
1091	471
1092	450
1093	163
1094	490
1095	27
1096	409
1097	328
1098	207
1099	243
1100	201
1101	268
1102	363
1103	376
1104	179
1105	136
1106	429
1107	74
1108	389
1109	116
1110	264
1111	198
1112	168
1113	186
1114	108
1115	154
1116	413
1117	13
1118	473
1119	290
1120	385
1121	235
1122	227
1123	96
1124	225
1125	218
1126	153
1127	95
1128	237
1129	312
1130	489
1131	275
1132	362
1133	234
1134	165
1135	86
1136	347
1137	419
1138	3
1139	289
1140	290
1141	313
1142	251
1143	345
1144	437
1145	2
1146	278
1147	24
1148	176
1149	353
1150	321
1151	133
1152	236
1153	8
1154	415
1155	107
1156	115
1157	497
1158	360
1159	382
1160	392
1161	247
1162	360
1163	488
1164	473
1165	439
1166	328
1167	102
1168	183
1169	1
1170	374
1171	253
1172	19
1173	97
1174	130
1175	61
1176	360
1177	364
1178	285
1179	250
1180	124
1181	152
1182	164
1183	53
1184	440
1185	21
1186	138
1187	271
1188	314
1189	247
1190	203
1191	206
1192	204
1193	466
1194	198
1195	385
1196	54
1197	231
1198	372
1199	40
1200	181
1201	304
1202	371
1203	354
1204	290
1205	324
1206	222
1207	104
1208	205
1209	426
1210	201
1211	224
1212	467
1213	237
1214	268
1215	445
1216	350
1217	131
1218	149
1219	316
1220	357
1221	114
1222	484
1223	294
1224	307
1225	265
1226	64
1227	456
1228	476
1229	179
1230	17
1231	471
1232	380
1233	119
1234	88
1235	401
1236	373
1237	362
1238	330
1239	345
1240	443
1241	94
1242	432
1243	192
1244	36
1245	308
1246	324
1247	185
1248	398
1249	443
1250	8
1251	285
1252	292
1253	452
1254	374
1255	441
1256	97
1257	167
1258	305
1259	243
1260	191
1261	103
1262	211
1263	352
1264	254
1265	107
1266	206
1267	50
1268	283
1269	129
1270	271
1271	458
1272	143
1273	215
1274	153
1275	160
1276	489
1277	479
1278	282
1279	160
1280	4
1281	4
1282	244
1283	410
1284	273
1285	494
1286	381
1287	339
1288	314
1289	343
1290	228
1291	216
1292	135
1293	422
1294	16
1295	174
1296	60
1297	286
1298	364
1299	2
1300	277
1301	38
1302	339
1303	284
1304	13
1305	275
1306	243
1307	333
1308	72
1309	470
1310	82
1311	403
1312	72
1313	290
1314	482
1315	146
1316	263
1317	102
1318	451
1319	473
1320	428
1321	116
1322	364
1323	485
1324	223
1325	80
1326	489
1327	451
1328	278
1329	263
1330	145
1331	401
1332	488
1333	230
1334	43
1335	327
1336	208
1337	367
1338	360
1339	264
1340	246
1341	453
1342	304
1343	285
1344	402
1345	301
1346	271
1347	382
1348	295
1349	226
1350	378
1351	444
1352	294
1353	255
1354	435
1355	179
1356	300
1357	10
1358	67
1359	42
1360	471
1361	291
1362	158
1363	477
1364	334
1365	166
1366	421
1367	148
1368	17
1369	428
1370	367
1371	416
1372	225
1373	118
1374	230
1375	60
1376	47
1377	486
1378	325
1379	303
1380	350
1381	477
1382	476
1383	331
1384	437
1385	65
1386	430
1387	36
1388	82
1389	21
1390	460
1391	8
1392	395
1393	172
1394	88
1395	401
1396	41
1397	289
1398	444
1399	167
1400	397
1401	100
1402	27
1403	90
1404	213
1405	169
1406	283
1407	367
1408	461
1409	169
1410	135
1411	132
1412	248
1413	181
1414	73
1415	486
1416	401
1417	97
1418	466
1419	301
1420	9
1421	146
1422	113
1423	282
1424	366
1425	466
1426	229
1427	279
1428	57
1429	497
1430	65
1431	340
1432	386
1433	442
1434	12
1435	44
1436	78
1437	132
1438	460
1439	366
1440	173
1441	284
1442	3
1443	219
1444	491
1445	130
1446	4
1447	238
1448	167
1449	461
1450	375
1451	54
1452	43
1453	284
1454	38
1455	111
1456	372
1457	196
1458	117
1459	5
1460	137
1461	276
1462	297
1463	114
1464	40
1465	425
1466	410
1467	492
1468	336
1469	296
1470	492
1471	172
1472	333
1473	470
1474	400
1475	137
1476	494
1477	464
1478	452
1479	455
1480	195
1481	128
1482	150
1483	10
1484	397
1485	333
1486	77
1487	42
1488	88
1489	366
1490	73
1491	114
1492	388
1493	139
1494	393
1495	321
1496	337
1497	13
1498	178
1499	371
1500	282
1501	213
1502	400
1503	218
1504	165
1505	103
1506	283
1507	473
1508	419
1509	249
1510	189
1511	258
1512	462
1513	44
1514	429
1515	239
1516	249
1517	435
1518	178
1519	49
1520	377
1521	15
1522	201
1523	100
1524	164
1525	436
1526	370
1527	350
1528	290
1529	282
1530	419
1531	340
1532	193
1533	114
1534	74
1535	496
1536	44
1537	359
1538	166
1539	276
1540	227
1541	43
1542	441
1543	281
1544	74
1545	254
1546	176
1547	212
1548	483
1549	413
1550	187
1551	87
1552	455
1553	47
1554	37
1555	124
1556	208
1557	105
1558	218
1559	178
1560	439
1561	115
1562	428
1563	397
1564	27
1565	390
1566	161
1567	105
1568	496
1569	227
1570	57
1571	2
1572	251
1573	444
1574	15
1575	346
1576	334
1577	393
1578	188
1579	104
1580	344
1581	282
1582	425
1583	388
1584	238
1585	22
1586	429
1587	386
1588	297
1589	51
1590	288
1591	302
1592	186
1593	28
1594	137
1595	487
1596	118
1597	292
1598	176
1599	416
1600	121
1601	482
1602	180
1603	325
1604	90
1605	467
1606	11
1607	463
1608	151
1609	80
1610	381
1611	269
1612	384
1613	51
1614	460
1615	484
1616	85
1617	382
1618	181
1619	423
1620	338
1621	220
1622	294
1623	204
1624	53
1625	70
1626	258
1627	22
1628	244
1629	214
1630	426
1631	483
1632	198
1633	154
1634	480
1635	276
1636	291
1637	39
1638	147
1639	188
1640	25
1641	319
1642	137
1643	18
1644	243
1645	169
1646	215
1647	14
1648	21
1649	417
1650	95
1651	196
1652	87
1653	298
1654	66
1655	67
1656	121
1657	269
1658	248
1659	132
1660	113
1661	105
1662	64
1663	314
1664	171
1665	408
1666	163
1667	281
1668	27
1669	134
1670	393
1671	172
1672	209
1673	25
1674	264
1675	60
1676	467
1677	122
1678	47
1679	481
1680	176
1681	324
1682	20
1683	177
1684	409
1685	258
1686	396
1687	363
1688	84
1689	355
1690	423
1691	215
1692	161
1693	499
1694	131
1695	378
1696	315
1697	101
1698	108
1699	237
1700	452
1701	208
1702	194
1703	464
1704	367
1705	295
1706	459
1707	27
1708	167
1709	310
1710	467
1711	417
1712	281
1713	456
1714	24
1715	241
1716	110
1717	7
1718	246
1719	191
1720	81
1721	374
1722	135
1723	110
1724	254
1725	148
1726	410
1727	420
1728	366
1729	416
1730	498
1731	370
1732	21
1733	380
1734	380
1735	320
1736	344
1737	481
1738	411
1739	439
1740	400
1741	174
1742	476
1743	334
1744	410
1745	100
1746	102
1747	292
1748	307
1749	203
1750	322
1751	375
1752	482
1753	253
1754	76
1755	364
1756	179
1757	130
1758	410
1759	457
1760	81
1761	323
1762	451
1763	281
1764	426
1765	78
1766	281
1767	44
1768	403
1769	71
1770	161
1771	406
1772	114
1773	496
1774	20
1775	396
1776	382
1777	364
1778	229
1779	398
1780	355
1781	187
1782	142
1783	326
1784	191
1785	458
1786	295
1787	241
1788	163
1789	347
1790	362
1791	55
1792	447
1793	263
1794	288
1795	428
1796	78
1797	376
1798	349
1799	420
1800	435
1801	459
1802	36
1803	122
1804	465
1805	260
1806	425
1807	268
1808	219
1809	496
1810	392
1811	152
1812	182
1813	4
1814	490
1815	402
1816	422
1817	63
1818	470
1819	201
1820	262
1821	467
1822	204
1823	26
1824	290
1825	134
1826	157
1827	301
1828	162
1829	224
1830	117
1831	464
1832	69
1833	64
1834	203
1835	229
1836	162
1837	387
1838	204
1839	452
1840	478
1841	172
1842	412
1843	48
1844	446
1845	7
1846	408
1847	404
1848	437
1849	67
1850	60
1851	143
1852	282
1853	224
1854	280
1855	172
1856	186
1857	154
1858	483
1859	224
1860	484
1861	455
1862	147
1863	187
1864	441
1865	313
1866	86
1867	316
1868	371
1869	44
1870	103
1871	89
1872	122
1873	95
1874	316
1875	377
1876	422
1877	338
1878	467
1879	244
1880	405
1881	442
1882	205
1883	402
1884	366
1885	216
1886	451
1887	304
1888	452
1889	363
1890	26
1891	134
1892	223
1893	103
1894	49
1895	109
1896	407
1897	466
1898	321
1899	290
1900	307
1901	83
1902	498
1903	205
1904	160
1905	228
1906	274
1907	116
1908	6
1909	65
1910	252
1911	49
1912	150
1913	85
1914	336
1915	139
1916	411
1917	389
1918	148
1919	310
1920	409
1921	403
1922	372
1923	80
1924	492
1925	135
1926	467
1927	252
1928	18
1929	434
1930	95
1931	298
1932	465
1933	284
1934	198
1935	150
1936	482
1937	428
1938	42
1939	342
1940	376
1941	121
1942	225
1943	279
1944	131
1945	457
1946	348
1947	409
1948	79
1949	313
1950	220
1951	8
1952	141
1953	273
1954	106
1955	203
1956	401
1957	346
1958	389
1959	446
1960	409
1961	16
1962	221
1963	246
1964	163
1965	22
1966	142
1967	273
1968	497
1969	26
1970	495
1971	7
1972	283
1973	361
1974	317
1975	80
1976	363
1977	156
1978	82
1979	98
1980	407
1981	410
1982	443
1983	262
1984	312
1985	375
1986	221
1987	3
1988	74
1989	288
1990	65
1991	161
1992	89
1993	339
1994	348
1995	240
1996	212
1997	459
1998	281
1999	8
2000	459
2001	136
2002	127
2003	81
2004	325
2005	115
2006	125
2007	471
2008	337
2009	294
2010	204
2011	290
2012	480
2013	198
2014	208
2015	152
2016	146
2017	221
2018	479
2019	363
2020	436
2021	448
2022	234
2023	183
2024	57
2025	413
2026	224
2027	42
2028	407
2029	20
2030	238
2031	497
2032	254
2033	255
2034	78
2035	35
2036	293
2037	24
2038	292
2039	55
2040	355
2041	432
2042	226
2043	298
2044	123
2045	109
2046	72
2047	259
2048	65
2049	218
2050	453
2051	345
2052	105
2053	321
2054	88
2055	242
2056	199
2057	35
2058	261
2059	88
2060	442
2061	24
2062	368
2063	160
2064	476
2065	483
2066	312
2067	326
2068	78
2069	123
2070	323
2071	5
2072	420
2073	114
2074	6
2075	402
2076	183
2077	260
2078	370
2079	266
2080	47
2081	428
2082	365
2083	309
2084	148
2085	235
2086	393
2087	205
2088	293
2089	193
2090	114
2091	222
2092	331
2093	498
2094	52
2095	44
2096	56
2097	364
2098	97
2099	169
2100	478
2101	419
2102	403
2103	242
2104	252
2105	75
2106	338
2107	112
2108	92
2109	229
2110	240
2111	274
2112	10
2113	133
2114	368
2115	244
2116	420
2117	215
2118	81
2119	432
2120	480
2121	80
2122	26
2123	29
2124	301
2125	326
2126	321
2127	420
2128	118
2129	222
2130	241
2131	73
2132	419
2133	142
2134	338
2135	90
2136	370
2137	24
2138	85
2139	174
2140	396
2141	181
2142	185
2143	239
2144	287
2145	246
2146	88
2147	409
2148	322
2149	381
2150	107
2151	8
2152	369
2153	241
2154	208
2155	283
2156	46
2157	76
2158	187
2159	60
2160	108
2161	275
2162	244
2163	228
2164	372
2165	436
2166	6
2167	106
2168	285
2169	73
2170	175
2171	269
2172	469
2173	455
2174	473
2175	340
2176	193
2177	347
2178	352
2179	137
2180	88
2181	246
2182	26
2183	236
2184	478
2185	449
2186	297
2187	454
2188	394
2189	116
2190	466
2191	26
2192	331
2193	95
2194	84
2195	449
2196	441
2197	269
2198	392
2199	447
2200	459
2201	477
2202	24
2203	485
2204	140
2205	453
2206	117
2207	146
2208	190
2209	198
2210	99
2211	41
2212	158
2213	350
2214	213
2215	228
2216	80
2217	119
2218	218
2219	132
2220	165
2221	309
2222	79
2223	428
2224	150
2225	33
2226	148
2227	214
2228	485
2229	389
2230	68
2231	260
2232	467
2233	81
2234	178
2235	298
2236	194
2237	249
2238	63
2239	20
2240	150
2241	433
2242	267
2243	162
2244	333
2245	141
2246	1
2247	198
2248	136
2249	126
2250	439
2251	330
2252	317
2253	315
2254	372
2255	396
2256	450
2257	294
2258	320
2259	224
2260	450
2261	233
2262	227
2263	42
2264	303
2265	147
2266	375
2267	179
2268	198
2269	354
2270	363
2271	306
2272	448
2273	130
2274	266
2275	168
2276	460
2277	278
2278	472
2279	313
2280	196
2281	53
2282	98
2283	146
2284	87
2285	185
2286	40
2287	106
2288	166
2289	136
2290	409
2291	10
2292	247
2293	482
2294	285
2295	256
2296	277
2297	144
2298	8
2299	331
2300	215
2301	110
2302	211
2303	297
2304	14
2305	269
2306	471
2307	133
2308	212
2309	138
2310	135
2311	305
2312	165
2313	433
2314	224
2315	297
2316	186
2317	180
2318	391
2319	96
2320	240
2321	380
2322	25
2323	257
2324	362
2325	77
2326	242
2327	234
2328	316
2329	421
2330	393
2331	303
2332	227
2333	461
2334	218
2335	137
2336	155
2337	46
2338	184
2339	328
2340	497
2341	113
2342	254
2343	262
2344	325
2345	307
2346	343
2347	169
2348	278
2349	141
2350	188
2351	108
2352	28
2353	83
2354	80
2355	194
2356	96
2357	321
2358	115
2359	429
2360	427
2361	476
2362	66
2363	294
2364	256
2365	205
2366	280
2367	369
2368	343
2369	432
2370	420
2371	435
2372	472
2373	153
2374	422
2375	62
2376	298
2377	270
2378	67
2379	404
2380	103
2381	58
2382	97
2383	383
2384	15
2385	363
2386	63
2387	463
2388	352
2389	130
2390	39
2391	460
2392	275
2393	292
2394	301
2395	416
2396	495
2397	119
2398	216
2399	372
2400	16
2401	474
2402	369
2403	244
2404	47
2405	261
2406	463
2407	236
2408	414
2409	278
2410	151
2411	221
2412	426
2413	54
2414	389
2415	181
2416	337
2417	154
2418	65
2419	298
2420	116
2421	402
2422	351
2423	386
2424	147
2425	238
2426	217
2427	394
2428	58
2429	245
2430	247
2431	174
2432	309
2433	474
2434	336
2435	274
2436	171
2437	132
2438	136
2439	161
2440	330
2441	33
2442	406
2443	431
2444	187
2445	378
2446	496
2447	478
2448	18
2449	188
2450	470
2451	344
2452	220
2453	367
2454	241
2455	189
2456	227
2457	53
2458	125
2459	127
2460	70
2461	262
2462	156
2463	324
2464	448
2465	124
2466	229
2467	158
2468	50
2469	253
2470	404
2471	335
2472	24
2473	125
2474	95
2475	349
2476	123
2477	482
2478	15
2479	396
2480	455
2481	99
2482	114
2483	144
2484	184
2485	182
2486	457
2487	30
2488	123
2489	150
2490	311
2491	26
2492	333
2493	23
2494	308
2495	144
2496	53
2497	364
2498	55
2499	427
2500	401
2501	347
2502	338
2503	284
2504	403
2505	365
2506	293
2507	173
2508	100
2509	247
2510	347
2511	146
2512	252
2513	151
2514	167
2515	173
2516	189
2517	289
2518	499
2519	293
2520	262
2521	411
2522	182
2523	445
2524	201
2525	471
2526	332
2527	131
2528	303
2529	231
2530	194
2531	286
2532	248
2533	247
2534	205
2535	204
2536	182
2537	32
2538	265
2539	396
2540	31
2541	93
2542	486
2543	491
2544	272
2545	39
2546	371
2547	256
2548	444
2549	360
2550	39
2551	279
2552	224
2553	500
2554	417
2555	297
2556	149
2557	342
2558	57
2559	473
2560	209
2561	25
2562	208
2563	71
2564	103
2565	130
2566	228
2567	264
2568	94
2569	107
2570	57
2571	22
2572	54
2573	178
2574	151
2575	289
2576	414
2577	390
2578	446
2579	157
2580	168
2581	190
2582	104
2583	70
2584	294
2585	18
2586	64
2587	60
2588	181
2589	358
2590	377
2591	34
2592	142
2593	124
2594	15
2595	464
2596	81
2597	300
2598	447
2599	216
2600	179
2601	444
2602	232
2603	425
2604	232
2605	62
2606	131
2607	254
2608	128
2609	271
2610	409
2611	41
2612	354
2613	32
2614	349
2615	348
2616	413
2617	73
2618	489
2619	61
2620	375
2621	256
2622	49
2623	145
2624	286
2625	346
2626	191
2627	458
2628	403
2629	354
2630	214
2631	283
2632	489
2633	267
2634	161
2635	158
2636	147
2637	398
2638	341
2639	257
2640	364
2641	196
2642	400
2643	376
2644	125
2645	129
2646	345
2647	367
2648	285
2649	263
2650	17
2651	65
2652	256
2653	150
2654	22
2655	124
2656	335
2657	469
2658	228
2659	408
2660	1
2661	353
2662	461
2663	222
2664	131
2665	60
2666	355
2667	149
2668	325
2669	353
2670	382
2671	342
2672	191
2673	76
2674	330
2675	103
2676	259
2677	143
2678	296
2679	167
2680	218
2681	51
2682	13
2683	80
2684	402
2685	239
2686	286
2687	300
2688	274
2689	453
2690	361
2691	60
2692	464
2693	250
2694	485
2695	271
2696	365
2697	249
2698	450
2699	495
2700	381
2701	384
2702	82
2703	49
2704	327
2705	193
2706	140
2707	107
2708	412
2709	359
2710	150
2711	226
2712	207
2713	165
2714	25
2715	64
2716	258
2717	440
2718	389
2719	73
2720	180
2721	102
2722	14
2723	275
2724	55
2725	471
2726	168
2727	89
2728	72
2729	41
2730	324
2731	151
2732	144
2733	296
2734	420
2735	490
2736	357
2737	377
2738	227
2739	186
2740	53
2741	251
2742	295
2743	426
2744	175
2745	311
2746	330
2747	65
2748	13
2749	273
2750	171
2751	333
2752	46
2753	328
2754	360
2755	324
2756	464
2757	289
2758	71
2759	92
2760	258
2761	487
2762	446
2763	171
2764	61
2765	87
2766	144
2767	179
2768	434
2769	23
2770	480
2771	425
2772	4
2773	299
2774	374
2775	385
2776	480
2777	44
2778	493
2779	355
2780	94
2781	358
2782	38
2783	246
2784	289
2785	454
2786	350
2787	181
2788	444
2789	279
2790	244
2791	429
2792	99
2793	328
2794	148
2795	234
2796	30
2797	364
2798	440
2799	367
2800	118
2801	483
2802	403
2803	438
2804	143
2805	200
2806	195
2807	287
2808	261
2809	247
2810	258
2811	192
2812	65
2813	211
2814	4
2815	229
2816	281
2817	414
2818	440
2819	430
2820	374
2821	294
2822	408
2823	13
2824	20
2825	324
2826	395
2827	347
2828	341
2829	129
2830	148
2831	293
2832	303
2833	421
2834	473
2835	93
2836	94
2837	485
2838	36
2839	325
2840	294
2841	408
2842	136
2843	146
2844	206
2845	295
2846	218
2847	483
2848	120
2849	84
2850	398
2851	50
2852	164
2853	324
2854	79
2855	84
2856	322
2857	320
2858	152
2859	57
2860	242
2861	212
2862	169
2863	22
2864	255
2865	478
2866	362
2867	432
2868	85
2869	355
2870	496
2871	2
2872	73
2873	419
2874	455
2875	202
2876	335
2877	221
2878	276
2879	188
2880	63
2881	234
2882	139
2883	162
2884	280
2885	465
2886	74
2887	227
2888	121
2889	420
2890	125
2891	140
2892	236
2893	154
2894	347
2895	122
2896	279
2897	193
2898	57
2899	116
2900	385
2901	217
2902	178
2903	364
2904	395
2905	243
2906	496
2907	498
2908	105
2909	33
2910	461
2911	453
2912	20
2913	138
2914	330
2915	313
2916	417
2917	479
2918	252
2919	67
2920	323
2921	22
2922	499
2923	217
2924	285
2925	66
2926	229
2927	481
2928	487
2929	443
2930	167
2931	49
2932	417
2933	363
2934	417
2935	480
2936	150
2937	354
2938	31
2939	288
2940	193
2941	484
2942	335
2943	360
2944	435
2945	267
2946	74
2947	264
2948	414
2949	118
2950	477
2951	352
2952	94
2953	328
2954	271
2955	1
2956	335
2957	81
2958	459
2959	233
2960	492
2961	181
2962	367
2963	255
2964	325
2965	204
2966	384
2967	398
2968	281
2969	324
2970	437
2971	335
2972	74
2973	410
2974	357
2975	191
2976	73
2977	395
2978	138
2979	288
2980	437
2981	197
2982	91
2983	96
2984	18
2985	368
2986	219
2987	246
2988	40
2989	253
2990	200
2991	431
2992	457
2993	10
2994	479
2995	42
2996	348
2997	49
2998	66
2999	346
3000	498
3001	42
3002	285
3003	290
3004	92
3005	316
3006	28
3007	403
3008	152
3009	136
3010	317
3011	73
3012	492
3013	239
3014	85
3015	399
3016	261
3017	414
3018	312
3019	169
3020	256
3021	453
3022	425
3023	259
3024	31
3025	485
3026	495
3027	419
3028	144
3029	307
3030	253
3031	296
3032	195
3033	80
3034	359
3035	213
3036	414
3037	296
3038	330
3039	402
3040	333
3041	282
3042	153
3043	192
3044	338
3045	460
3046	286
3047	4
3048	480
3049	410
3050	50
3051	191
3052	295
3053	494
3054	460
3055	307
3056	118
3057	60
3058	447
3059	332
3060	16
3061	153
3062	206
3063	422
3064	484
3065	229
3066	242
3067	55
3068	495
3069	14
3070	328
3071	497
3072	402
3073	410
3074	397
3075	171
3076	113
3077	223
3078	15
3079	183
3080	120
3081	144
3082	464
3083	273
3084	137
3085	383
3086	245
3087	142
3088	461
3089	340
3090	119
3091	162
3092	463
3093	33
3094	121
3095	301
3096	300
3097	179
3098	317
3099	369
3100	343
3101	189
3102	246
3103	378
3104	288
3105	151
3106	48
3107	202
3108	45
3109	364
3110	398
3111	276
3112	87
3113	62
3114	469
3115	416
3116	31
3117	286
3118	363
3119	498
3120	217
3121	148
3122	362
3123	224
3124	414
3125	151
3126	17
3127	266
3128	487
3129	355
3130	380
3131	277
3132	116
3133	298
3134	390
3135	219
3136	210
3137	414
3138	278
3139	75
3140	444
3141	316
3142	132
3143	248
3144	495
3145	325
3146	394
3147	135
3148	12
3149	212
3150	134
3151	61
3152	211
3153	430
3154	257
3155	448
3156	396
3157	186
3158	406
3159	93
3160	133
3161	222
3162	287
3163	399
3164	306
3165	108
3166	210
3167	442
3168	478
3169	134
3170	373
3171	144
3172	399
3173	453
3174	79
3175	407
3176	347
3177	109
3178	195
3179	350
3180	248
3181	419
3182	95
3183	426
3184	85
3185	398
3186	90
3187	153
3188	235
3189	435
3190	67
3191	393
3192	2
3193	69
3194	205
3195	460
3196	120
3197	105
3198	70
3199	295
3200	159
3201	414
3202	435
3203	450
3204	384
3205	95
3206	186
3207	453
3208	387
3209	127
3210	353
3211	389
3212	315
3213	332
3214	438
3215	466
3216	344
3217	385
3218	207
3219	382
3220	397
3221	179
3222	108
3223	483
3224	477
3225	155
3226	77
3227	44
3228	78
3229	458
3230	243
3231	152
3232	434
3233	456
3234	257
3235	36
3236	300
3237	254
3238	73
3239	72
3240	178
3241	346
3242	311
3243	364
3244	212
3245	246
3246	481
3247	169
3248	358
3249	75
3250	255
3251	39
3252	160
3253	103
3254	452
3255	240
3256	233
3257	354
3258	123
3259	204
3260	475
3261	358
3262	68
3263	432
3264	18
3265	126
3266	16
3267	300
3268	65
3269	99
3270	437
3271	394
3272	273
3273	444
3274	292
3275	63
3276	202
3277	124
3278	209
3279	26
3280	293
3281	18
3282	436
3283	87
3284	416
3285	391
3286	218
3287	333
3288	124
3289	437
3290	90
3291	131
3292	58
3293	74
3294	427
3295	237
3296	265
3297	339
3298	226
3299	7
3300	496
3301	150
3302	5
3303	382
3304	381
3305	52
3306	265
3307	458
3308	481
3309	488
3310	344
3311	105
3312	245
3313	248
3314	397
3315	172
3316	34
3317	451
3318	272
3319	24
3320	182
3321	413
3322	10
3323	407
3324	205
3325	35
3326	324
3327	184
3328	12
3329	49
3330	118
3331	164
3332	7
3333	362
3334	25
3335	302
3336	147
3337	23
3338	159
3339	332
3340	142
3341	232
3342	94
3343	65
3344	63
3345	495
3346	441
3347	302
3348	228
3349	112
3350	50
3351	265
3352	142
3353	319
3354	167
3355	291
3356	260
3357	34
3358	189
3359	69
3360	80
3361	405
3362	243
3363	236
3364	197
3365	143
3366	97
3367	189
3368	74
3369	45
3370	76
3371	103
3372	341
3373	173
3374	272
3375	246
3376	344
3377	183
3378	317
3379	161
3380	72
3381	420
3382	197
3383	365
3384	420
3385	167
3386	16
3387	454
3388	295
3389	219
3390	275
3391	213
3392	62
3393	242
3394	394
3395	95
3396	277
3397	443
3398	41
3399	280
3400	214
3401	280
3402	345
3403	281
3404	267
3405	474
3406	197
3407	244
3408	266
3409	374
3410	335
3411	311
3412	328
3413	410
3414	31
3415	311
3416	364
3417	333
3418	357
3419	252
3420	237
3421	41
3422	388
3423	40
3424	339
3425	58
3426	61
3427	243
3428	283
3429	499
3430	88
3431	193
3432	192
3433	286
3434	77
3435	50
3436	112
3437	477
3438	403
3439	14
3440	273
3441	419
3442	186
3443	370
3444	470
3445	100
3446	216
3447	435
3448	497
3449	359
3450	198
3451	441
3452	157
3453	154
3454	66
3455	95
3456	5
3457	52
3458	343
3459	232
3460	452
3461	234
3462	495
3463	415
3464	225
3465	448
3466	320
3467	260
3468	416
3469	418
3470	319
3471	217
3472	319
3473	309
3474	195
3475	36
3476	415
3477	94
3478	183
3479	358
3480	410
3481	333
3482	360
3483	286
3484	385
3485	347
3486	182
3487	54
3488	173
3489	248
3490	382
3491	58
3492	135
3493	6
3494	398
3495	252
3496	152
3497	176
3498	194
3499	141
3500	346
3501	406
3502	198
3503	387
3504	221
3505	162
3506	353
3507	92
3508	438
3509	102
3510	78
3511	153
3512	448
3513	287
3514	165
3515	403
3516	119
3517	475
3518	348
3519	167
3520	350
3521	112
3522	499
3523	78
3524	307
3525	365
3526	481
3527	381
3528	226
3529	55
3530	288
3531	247
3532	376
3533	294
3534	188
3535	449
3536	190
3537	89
3538	182
3539	294
3540	367
3541	76
3542	420
3543	386
3544	102
3545	292
3546	178
3547	209
3548	94
3549	185
3550	299
3551	157
3552	5
3553	37
3554	281
3555	129
3556	478
3557	20
3558	386
3559	150
3560	57
3561	334
3562	304
3563	496
3564	113
3565	498
3566	13
3567	117
3568	432
3569	305
3570	461
3571	221
3572	322
3573	469
3574	450
3575	486
3576	285
3577	148
3578	99
3579	6
3580	285
3581	379
3582	261
3583	48
3584	452
3585	363
3586	462
3587	493
3588	200
3589	35
3590	300
3591	473
3592	452
3593	321
3594	174
3595	64
3596	433
3597	448
3598	315
3599	468
3600	344
3601	169
3602	1
3603	256
3604	360
3605	317
3606	256
3607	200
3608	319
3609	283
3610	360
3611	90
3612	319
3613	300
3614	487
3615	442
3616	388
3617	334
3618	159
3619	100
3620	163
3621	33
3622	43
3623	441
3624	10
3625	232
3626	347
3627	68
3628	251
3629	364
3630	355
3631	49
3632	101
3633	19
3634	500
3635	317
3636	160
3637	499
3638	254
3639	294
3640	420
3641	496
3642	394
3643	40
3644	345
3645	443
3646	160
3647	371
3648	361
3649	374
3650	54
3651	235
3652	383
3653	12
3654	46
3655	479
3656	268
3657	74
3658	470
3659	118
3660	408
3661	377
3662	250
3663	200
3664	83
3665	370
3666	118
3667	335
3668	229
3669	315
3670	219
3671	130
3672	342
3673	232
3674	279
3675	255
3676	177
3677	270
3678	244
3679	12
3680	447
3681	420
3682	266
3683	252
3684	370
3685	281
3686	393
3687	104
3688	389
3689	444
3690	55
3691	236
3692	305
3693	58
3694	84
3695	101
3696	56
3697	101
3698	390
3699	192
3700	20
3701	221
3702	291
3703	64
3704	178
3705	299
3706	206
3707	63
3708	51
3709	154
3710	342
3711	22
3712	479
3713	70
3714	59
3715	13
3716	6
3717	440
3718	193
3719	65
3720	110
3721	204
3722	56
3723	264
3724	475
3725	227
3726	187
3727	96
3728	229
3729	490
3730	313
3731	164
3732	399
3733	64
3734	114
3735	404
3736	308
3737	415
3738	101
3739	65
3740	394
3741	134
3742	83
3743	357
3744	11
3745	438
3746	119
3747	334
3748	392
3749	460
3750	274
3751	255
3752	243
3753	452
3754	272
3755	350
3756	317
3757	325
3758	71
3759	493
3760	192
3761	73
3762	180
3763	84
3764	500
3765	92
3766	206
3767	105
3768	270
3769	466
3770	333
3771	242
3772	244
3773	70
3774	9
3775	45
3776	384
3777	401
3778	102
3779	466
3780	350
3781	495
3782	337
3783	223
3784	119
3785	471
3786	266
3787	259
3788	78
3789	74
3790	486
3791	201
3792	427
3793	341
3794	182
3795	348
3796	9
3797	177
3798	498
3799	218
3800	163
3801	98
3802	383
3803	305
3804	225
3805	268
3806	2
3807	198
3808	74
3809	215
3810	313
3811	110
3812	487
3813	369
3814	474
3815	210
3816	224
3817	499
3818	312
3819	382
3820	377
3821	379
3822	464
3823	187
3824	30
3825	321
3826	88
3827	244
3828	7
3829	442
3830	401
3831	139
3832	194
3833	432
3834	82
3835	380
3836	19
3837	459
3838	27
3839	420
3840	229
3841	140
3842	343
3843	436
3844	259
3845	70
3846	380
3847	84
3848	384
3849	97
3850	321
3851	330
3852	124
3853	450
3854	368
3855	339
3856	89
3857	8
3858	6
3859	453
3860	264
3861	340
3862	41
3863	104
3864	93
3865	248
3866	326
3867	429
3868	220
3869	417
3870	397
3871	336
3872	308
3873	93
3874	152
3875	329
3876	3
3877	348
3878	56
3879	240
3880	457
3881	107
3882	359
3883	195
3884	203
3885	229
3886	138
3887	236
3888	308
3889	254
3890	161
3891	259
3892	433
3893	451
3894	165
3895	483
3896	172
3897	69
3898	109
3899	281
3900	121
3901	443
3902	147
3903	22
3904	213
3905	252
3906	143
3907	42
3908	403
3909	96
3910	277
3911	293
3912	406
3913	275
3914	477
3915	233
3916	162
3917	37
3918	143
3919	493
3920	280
3921	94
3922	184
3923	319
3924	118
3925	223
3926	453
3927	483
3928	408
3929	428
3930	435
3931	382
3932	207
3933	231
3934	121
3935	71
3936	68
3937	280
3938	178
3939	370
3940	175
3941	400
3942	160
3943	404
3944	397
3945	155
3946	406
3947	134
3948	369
3949	433
3950	11
3951	22
3952	224
3953	479
3954	369
3955	227
3956	54
3957	459
3958	223
3959	361
3960	171
3961	342
3962	289
3963	287
3964	186
3965	432
3966	71
3967	174
3968	170
3969	54
3970	485
3971	54
3972	486
3973	244
3974	372
3975	351
3976	459
3977	121
3978	386
3979	409
3980	123
3981	136
3982	374
3983	116
3984	446
3985	74
3986	258
3987	489
3988	121
3989	142
3990	184
3991	36
3992	312
3993	103
3994	347
3995	335
3996	472
3997	135
3998	492
3999	123
4000	454
4001	370
4002	447
4003	299
4004	292
4005	433
4006	149
4007	400
4008	77
4009	272
4010	235
4011	359
4012	453
4013	9
4014	212
4015	271
4016	399
4017	168
4018	104
4019	339
4020	126
4021	355
4022	358
4023	466
4024	272
4025	404
4026	226
4027	324
4028	213
4029	339
4030	333
4031	462
4032	488
4033	209
4034	159
4035	394
4036	389
4037	251
4038	411
4039	61
4040	349
4041	337
4042	277
4043	421
4044	239
4045	29
4046	5
4047	109
4048	266
4049	50
4050	84
4051	441
4052	171
4053	51
4054	219
4055	406
4056	357
4057	470
4058	479
4059	363
4060	496
4061	260
4062	486
4063	465
4064	307
4065	486
4066	138
4067	460
4068	67
4069	491
4070	206
4071	225
4072	297
4073	395
4074	224
4075	141
4076	276
4077	8
4078	169
4079	143
4080	261
4081	151
4082	302
4083	326
4084	106
4085	6
4086	272
4087	408
4088	133
4089	428
4090	89
4091	494
4092	91
4093	449
4094	411
4095	376
4096	157
4097	444
4098	413
4099	265
4100	119
4101	75
4102	276
4103	339
4104	318
4105	438
4106	266
4107	245
4108	152
4109	56
4110	485
4111	344
4112	327
4113	32
4114	463
4115	381
4116	216
4117	455
4118	285
4119	429
4120	462
4121	433
4122	363
4123	408
4124	440
4125	403
4126	237
4127	175
4128	385
4129	73
4130	465
4131	4
4132	483
4133	234
4134	159
4135	419
4136	342
4137	169
4138	447
4139	198
4140	299
4141	125
4142	403
4143	492
4144	98
4145	391
4146	394
4147	130
4148	270
4149	204
4150	415
4151	285
4152	410
4153	131
4154	46
4155	391
4156	273
4157	496
4158	253
4159	260
4160	26
4161	58
4162	243
4163	418
4164	291
4165	300
4166	148
4167	476
4168	368
4169	61
4170	214
4171	477
4172	80
4173	360
4174	40
4175	45
4176	339
4177	269
4178	170
4179	227
4180	370
4181	55
4182	442
4183	90
4184	262
4185	284
4186	434
4187	332
4188	114
4189	138
4190	97
4191	101
4192	387
4193	392
4194	263
4195	226
4196	127
4197	64
4198	68
4199	450
4200	447
4201	199
4202	153
4203	102
4204	250
4205	108
4206	465
4207	390
4208	428
4209	219
4210	331
4211	106
4212	43
4213	390
4214	386
4215	175
4216	223
4217	489
4218	167
4219	107
4220	255
4221	148
4222	375
4223	16
4224	336
4225	435
4226	424
4227	425
4228	166
4229	433
4230	441
4231	355
4232	479
4233	187
4234	317
4235	450
4236	148
4237	242
4238	3
4239	383
4240	337
4241	124
4242	217
4243	174
4244	496
4245	348
4246	238
4247	45
4248	163
4249	101
4250	342
4251	477
4252	175
4253	234
4254	262
4255	439
4256	417
4257	236
4258	157
4259	376
4260	147
4261	361
4262	484
4263	127
4264	28
4265	211
4266	276
4267	492
4268	42
4269	493
4270	30
4271	42
4272	116
4273	388
4274	444
4275	340
4276	9
4277	178
4278	131
4279	108
4280	164
4281	360
4282	68
4283	19
4284	279
4285	19
4286	175
4287	217
4288	128
4289	68
4290	262
4291	411
4292	189
4293	472
4294	278
4295	304
4296	441
4297	468
4298	222
4299	49
4300	365
4301	430
4302	374
4303	175
4304	305
4305	488
4306	247
4307	418
4308	338
4309	312
4310	8
4311	279
4312	453
4313	341
4314	203
4315	290
4316	228
4317	489
4318	29
4319	486
4320	10
4321	394
4322	393
4323	192
4324	110
4325	319
4326	389
4327	128
4328	153
4329	328
4330	10
4331	338
4332	458
4333	6
4334	305
4335	433
4336	431
4337	235
4338	50
4339	144
4340	64
4341	61
4342	64
4343	100
4344	467
4345	274
4346	239
4347	1
4348	113
4349	393
4350	340
4351	157
4352	94
4353	149
4354	258
4355	311
4356	351
4357	167
4358	465
4359	343
4360	403
4361	5
4362	260
4363	432
4364	362
4365	476
4366	231
4367	197
4368	375
4369	325
4370	360
4371	114
4372	80
4373	267
4374	268
4375	288
4376	73
4377	5
4378	270
4379	97
4380	4
4381	80
4382	163
4383	90
4384	3
4385	499
4386	64
4387	98
4388	293
4389	337
4390	319
4391	349
4392	173
4393	32
4394	124
4395	187
4396	22
4397	376
4398	6
4399	442
4400	19
4401	408
4402	85
4403	480
4404	89
4405	267
4406	249
4407	85
4408	300
4409	176
4410	427
4411	196
4412	438
4413	82
4414	194
4415	63
4416	399
4417	224
4418	453
4419	341
4420	41
4421	341
4422	115
4423	390
4424	166
4425	58
4426	92
4427	437
4428	40
4429	282
4430	378
4431	328
4432	343
4433	418
4434	155
4435	210
4436	168
4437	141
4438	8
4439	387
4440	314
4441	279
4442	467
4443	411
4444	257
4445	22
4446	217
4447	435
4448	289
4449	449
4450	127
4451	405
4452	499
4453	108
4454	472
4455	454
4456	440
4457	30
4458	225
4459	417
4460	320
4461	456
4462	483
4463	305
4464	309
4465	491
4466	81
4467	76
4468	13
4469	55
4470	492
4471	57
4472	334
4473	350
4474	337
4475	351
4476	335
4477	258
4478	354
4479	146
4480	351
4481	439
4482	476
4483	165
4484	402
4485	315
4486	314
4487	334
4488	85
4489	287
4490	283
4491	324
4492	128
4493	174
4494	159
4495	460
4496	273
4497	451
4498	401
4499	384
4500	301
4501	378
4502	400
4503	496
4504	3
4505	232
4506	77
4507	306
4508	64
4509	145
4510	87
4511	387
4512	341
4513	148
4514	335
4515	242
4516	15
4517	456
4518	148
4519	311
4520	492
4521	441
4522	331
4523	272
4524	240
4525	101
4526	216
4527	75
4528	207
4529	161
4530	225
4531	169
4532	37
4533	295
4534	255
4535	454
4536	382
4537	194
4538	340
4539	308
4540	263
4541	406
4542	320
4543	362
4544	500
4545	56
4546	290
4547	108
4548	330
4549	51
4550	98
4551	374
4552	197
4553	424
4554	298
4555	181
4556	22
4557	294
4558	179
4559	476
4560	298
4561	442
4562	84
4563	85
4564	383
4565	204
4566	128
4567	111
4568	233
4569	309
4570	393
4571	380
4572	397
4573	19
4574	444
4575	155
4576	11
4577	374
4578	82
4579	62
4580	273
4581	8
4582	276
4583	275
4584	462
4585	304
4586	184
4587	401
4588	347
4589	199
4590	436
4591	209
4592	317
4593	149
4594	180
4595	80
4596	476
4597	458
4598	455
4599	92
4600	274
4601	266
4602	383
4603	350
4604	108
4605	354
4606	162
4607	344
4608	49
4609	147
4610	403
4611	346
4612	47
4613	475
4614	320
4615	148
4616	398
4617	361
4618	106
4619	337
4620	94
4621	218
4622	68
4623	245
4624	88
4625	343
4626	135
4627	460
4628	198
4629	413
4630	458
4631	458
4632	126
4633	397
4634	97
4635	279
4636	149
4637	345
4638	75
4639	122
4640	406
4641	128
4642	228
4643	49
4644	422
4645	81
4646	235
4647	93
4648	257
4649	407
4650	424
4651	189
4652	329
4653	112
4654	26
4655	268
4656	354
4657	130
4658	206
4659	500
4660	144
4661	249
4662	145
4663	331
4664	426
4665	473
4666	126
4667	113
4668	111
4669	115
4670	253
4671	173
4672	442
4673	247
4674	363
4675	391
4676	426
4677	188
4678	229
4679	200
4680	328
4681	47
4682	480
4683	362
4684	258
4685	239
4686	130
4687	331
4688	384
4689	261
4690	113
4691	186
4692	213
4693	404
4694	479
4695	25
4696	207
4697	21
4698	289
4699	243
4700	124
4701	435
4702	302
4703	321
4704	395
4705	150
4706	477
4707	221
4708	119
4709	224
4710	492
4711	225
4712	282
4713	281
4714	436
4715	18
4716	171
4717	321
4718	260
4719	162
4720	285
4721	377
4722	390
4723	152
4724	261
4725	160
4726	323
4727	329
4728	68
4729	14
4730	226
4731	277
4732	360
4733	59
4734	257
4735	482
4736	36
4737	421
4738	90
4739	229
4740	30
4741	350
4742	74
4743	183
4744	386
4745	347
4746	283
4747	59
4748	279
4749	326
4750	38
4751	325
4752	466
4753	390
4754	477
4755	29
4756	262
4757	80
4758	46
4759	54
4760	72
4761	209
4762	416
4763	476
4764	7
4765	161
4766	368
4767	413
4768	407
4769	339
4770	245
4771	383
4772	220
4773	46
4774	441
4775	401
4776	232
4777	320
4778	375
4779	288
4780	491
4781	343
4782	326
4783	146
4784	356
4785	128
4786	210
4787	167
4788	159
4789	274
4790	347
4791	8
4792	465
4793	311
4794	256
4795	51
4796	497
4797	411
4798	321
4799	56
4800	284
4801	272
4802	249
4803	349
4804	355
4805	419
4806	479
4807	250
4808	376
4809	321
4810	262
4811	145
4812	13
4813	248
4814	8
4815	195
4816	402
4817	107
4818	243
4819	177
4820	398
4821	148
4822	402
4823	166
4824	263
4825	107
4826	418
4827	102
4828	423
4829	301
4830	43
4831	14
4832	420
4833	111
4834	99
4835	69
4836	242
4837	287
4838	267
4839	292
4840	344
4841	487
4842	428
4843	232
4844	226
4845	61
4846	390
4847	59
4848	491
4849	221
4850	475
4851	138
4852	415
4853	313
4854	202
4855	404
4856	268
4857	345
4858	422
4859	141
4860	23
4861	83
4862	321
4863	302
4864	293
4865	220
4866	404
4867	99
4868	212
4869	46
4870	360
4871	267
4872	461
4873	432
4874	444
4875	172
4876	58
4877	351
4878	358
4879	291
4880	500
4881	393
4882	312
4883	119
4884	106
4885	260
4886	330
4887	424
4888	280
4889	215
4890	291
4891	338
4892	311
4893	375
4894	379
4895	246
4896	483
4897	195
4898	222
4899	209
4900	232
4901	333
4902	430
4903	425
4904	500
4905	426
4906	424
4907	106
4908	331
4909	47
4910	481
4911	47
4912	259
4913	203
4914	331
4915	411
4916	444
4917	281
4918	464
4919	61
4920	479
4921	291
4922	117
4923	119
4924	315
4925	301
4926	328
4927	317
4928	495
4929	345
4930	491
4931	40
4932	494
4933	292
4934	268
4935	100
4936	2
4937	417
4938	216
4939	44
4940	321
4941	14
4942	486
4943	441
4944	385
4945	388
4946	339
4947	82
4948	369
4949	263
4950	422
4951	371
4952	319
4953	227
4954	498
4955	28
4956	343
4957	170
4958	5
4959	137
4960	350
4961	111
4962	61
4963	312
4964	178
4965	403
4966	38
4967	468
4968	161
4969	452
4970	144
4971	386
4972	90
4973	61
4974	286
4975	125
4976	19
4977	275
4978	327
4979	405
4980	447
4981	2
4982	359
4983	85
4984	181
4985	152
4986	206
4987	73
4988	218
4989	343
4990	300
4991	61
4992	282
4993	411
4994	425
4995	413
4996	246
4997	66
4998	342
4999	351
5000	304
5001	458
5002	434
5003	322
5004	444
5005	167
5006	118
5007	17
5008	424
5009	381
5010	402
5011	8
5012	482
5013	462
5014	212
5015	432
5016	464
5017	484
5018	246
5019	278
5020	16
5021	399
5022	386
5023	188
5024	391
5025	382
5026	337
5027	204
5028	421
5029	359
5030	499
5031	347
5032	492
5033	215
5034	222
5035	378
5036	215
5037	229
5038	334
5039	87
5040	186
5041	284
5042	79
5043	114
5044	373
5045	270
5046	452
5047	9
5048	52
5049	177
5050	188
5051	294
5052	49
5053	310
5054	76
5055	182
5056	44
5057	430
5058	376
5059	482
5060	398
5061	68
5062	113
5063	102
5064	496
5065	203
5066	390
5067	484
5068	264
5069	15
5070	219
5071	329
5072	271
5073	492
5074	83
5075	111
5076	338
5077	479
5078	347
5079	453
5080	25
5081	366
5082	68
5083	141
5084	335
5085	37
5086	336
5087	182
5088	194
5089	143
5090	196
5091	243
5092	22
5093	402
5094	108
5095	187
5096	422
5097	77
5098	424
5099	353
5100	422
5101	61
5102	385
5103	482
5104	144
5105	449
5106	304
5107	61
5108	24
5109	138
5110	244
5111	25
5112	496
5113	237
5114	355
5115	498
5116	478
5117	58
5118	6
5119	494
5120	356
5121	144
5122	137
5123	109
5124	294
5125	331
5126	334
5127	480
5128	439
5129	66
5130	37
5131	438
5132	122
5133	417
5134	232
5135	452
5136	305
5137	28
5138	121
5139	94
5140	286
5141	140
5142	189
5143	499
5144	342
5145	126
5146	364
5147	276
5148	30
5149	311
5150	383
5151	24
5152	225
5153	335
5154	338
5155	341
5156	78
5157	435
5158	278
5159	489
5160	220
5161	326
5162	322
5163	220
5164	410
5165	137
5166	250
5167	139
5168	488
5169	70
5170	304
5171	207
5172	483
5173	312
5174	92
5175	94
5176	373
5177	56
5178	310
5179	211
5180	111
5181	13
5182	325
5183	120
5184	372
5185	256
5186	77
5187	307
5188	208
5189	265
5190	10
5191	289
5192	115
5193	423
5194	323
5195	34
5196	411
5197	274
5198	197
5199	440
5200	273
5201	201
5202	15
5203	182
5204	412
5205	495
5206	88
5207	132
5208	406
5209	136
5210	1
5211	27
5212	44
5213	24
5214	187
5215	459
5216	362
5217	49
5218	16
5219	40
5220	57
5221	171
5222	301
5223	215
5224	143
5225	459
5226	194
5227	215
5228	423
5229	308
5230	492
5231	52
5232	420
5233	192
5234	430
5235	359
5236	55
5237	101
5238	114
5239	431
5240	180
5241	27
5242	164
5243	18
5244	477
5245	435
5246	491
5247	132
5248	66
5249	391
5250	399
5251	330
5252	281
5253	457
5254	268
5255	415
5256	130
5257	279
5258	166
5259	335
5260	479
5261	300
5262	240
5263	278
5264	164
5265	404
5266	63
5267	131
5268	161
5269	316
5270	240
5271	473
5272	128
5273	303
5274	20
5275	192
5276	226
5277	468
5278	392
5279	438
5280	321
5281	263
5282	29
5283	229
5284	207
5285	128
5286	240
5287	14
5288	397
5289	360
5290	366
5291	208
5292	349
5293	449
5294	380
5295	355
5296	260
5297	108
5298	464
5299	72
5300	293
5301	500
5302	56
5303	363
5304	157
5305	474
5306	416
5307	435
5308	230
5309	142
5310	216
5311	38
5312	7
5313	214
5314	364
5315	379
5316	192
5317	278
5318	265
5319	474
5320	206
5321	250
5322	301
5323	351
5324	486
5325	479
5326	169
5327	10
5328	380
5329	199
5330	497
5331	315
5332	316
5333	490
5334	119
5335	191
5336	334
5337	446
5338	218
5339	390
5340	21
5341	59
5342	439
5343	37
5344	20
5345	78
5346	358
5347	268
5348	311
5349	31
5350	314
5351	382
5352	430
5353	299
5354	482
5355	3
5356	50
5357	257
5358	460
5359	4
5360	329
5361	11
5362	258
5363	135
5364	326
5365	308
5366	486
5367	312
5368	4
5369	72
5370	58
5371	38
5372	337
5373	8
5374	128
5375	272
5376	203
5377	381
5378	390
5379	396
5380	434
5381	147
5382	273
5383	111
5384	375
5385	17
5386	363
5387	191
5388	5
5389	358
5390	405
5391	386
5392	154
5393	190
5394	10
5395	45
5396	33
5397	499
5398	40
5399	98
5400	108
5401	206
5402	50
5403	226
5404	382
5405	129
5406	287
5407	282
5408	344
5409	282
5410	269
5411	364
5412	71
5413	35
5414	363
5415	399
5416	374
5417	86
5418	75
5419	469
5420	132
5421	308
5422	473
5423	455
5424	8
5425	115
5426	45
5427	300
5428	355
5429	489
5430	211
5431	367
5432	463
5433	481
5434	271
5435	111
5436	17
5437	366
5438	45
5439	32
5440	49
5441	220
5442	401
5443	373
5444	151
5445	24
5446	279
5447	333
5448	128
5449	276
5450	149
5451	51
5452	379
5453	297
5454	174
5455	374
5456	410
5457	92
5458	92
5459	379
5460	73
5461	399
5462	495
5463	469
5464	456
5465	258
5466	301
5467	145
5468	386
5469	75
5470	292
5471	259
5472	302
5473	434
5474	307
5475	133
5476	350
5477	256
5478	388
5479	83
5480	434
5481	166
5482	408
5483	324
5484	270
5485	226
5486	112
5487	59
5488	388
5489	400
5490	395
5491	296
5492	271
5493	216
5494	306
5495	159
5496	415
5497	181
5498	330
5499	338
5500	54
5501	456
5502	466
5503	128
5504	62
5505	79
5506	98
5507	325
5508	145
5509	454
5510	465
5511	494
5512	146
5513	301
5514	31
5515	152
5516	417
5517	420
5518	389
5519	298
5520	278
5521	63
5522	500
5523	201
5524	493
5525	424
5526	425
5527	110
5528	458
5529	425
5530	104
5531	75
5532	111
5533	29
5534	495
5535	384
5536	250
5537	355
5538	16
5539	26
5540	269
5541	399
5542	199
5543	41
5544	267
5545	276
5546	403
5547	206
5548	17
5549	282
5550	291
5551	441
5552	344
5553	29
5554	63
5555	328
5556	19
5557	325
5558	222
5559	216
5560	492
5561	96
5562	188
5563	232
5564	233
5565	260
5566	106
5567	223
5568	385
5569	143
5570	205
5571	104
5572	368
5573	334
5574	298
5575	282
5576	92
5577	250
5578	216
5579	361
5580	189
5581	498
5582	43
5583	320
5584	447
5585	370
5586	233
5587	14
5588	93
5589	151
5590	271
5591	149
5592	372
5593	236
5594	433
5595	483
5596	461
5597	467
5598	320
5599	221
5600	496
5601	102
5602	212
5603	268
5604	240
5605	408
5606	215
5607	190
5608	40
5609	139
5610	164
5611	408
5612	289
5613	272
5614	28
5615	270
5616	392
5617	371
5618	70
5619	498
5620	116
5621	124
5622	392
5623	442
5624	346
5625	131
5626	291
5627	87
5628	258
5629	493
5630	437
5631	268
5632	451
5633	355
5634	436
5635	367
5636	256
5637	331
5638	28
5639	127
5640	313
5641	223
5642	223
5643	414
5644	377
5645	228
5646	340
5647	378
5648	353
5649	226
5650	119
5651	262
5652	483
5653	85
5654	245
5655	159
5656	381
5657	276
5658	230
5659	112
5660	183
5661	51
5662	313
5663	384
5664	402
5665	136
5666	367
5667	399
5668	377
5669	260
5670	186
5671	48
5672	446
5673	386
5674	135
5675	232
5676	29
5677	237
5678	222
5679	430
5680	244
5681	298
5682	462
5683	197
5684	63
5685	371
5686	262
5687	344
5688	464
5689	26
5690	498
5691	81
5692	94
5693	275
5694	53
5695	98
5696	470
5697	267
5698	294
5699	108
5700	63
5701	383
5702	379
5703	29
5704	277
5705	200
5706	420
5707	190
5708	84
5709	445
5710	126
5711	300
5712	52
5713	15
5714	476
5715	290
5716	403
5717	9
5718	374
5719	20
5720	112
5721	137
5722	168
5723	439
5724	406
5725	238
5726	395
5727	46
5728	92
5729	485
5730	140
5731	129
5732	117
5733	126
5734	140
5735	328
5736	486
5737	220
5738	135
5739	151
5740	273
5741	100
5742	77
5743	384
5744	11
5745	345
5746	298
5747	287
5748	50
5749	199
5750	487
5751	421
5752	445
5753	291
5754	102
5755	355
5756	384
5757	114
5758	432
5759	485
5760	236
5761	434
5762	64
5763	293
5764	223
5765	422
5766	266
5767	402
5768	270
5769	276
5770	273
5771	479
5772	181
5773	287
5774	218
5775	276
5776	286
5777	191
5778	279
5779	89
5780	436
5781	354
5782	393
5783	415
5784	381
5785	202
5786	214
5787	488
5788	242
5789	280
5790	115
5791	298
5792	298
5793	337
5794	259
5795	221
5796	263
5797	355
5798	493
5799	137
5800	76
5801	43
5802	19
5803	392
5804	335
5805	202
5806	28
5807	274
5808	470
5809	345
5810	474
5811	65
5812	459
5813	265
5814	313
5815	256
5816	366
5817	379
5818	302
5819	62
5820	39
5821	20
5822	361
5823	481
5824	22
5825	54
5826	136
5827	373
5828	76
5829	167
5830	144
5831	486
5832	438
5833	376
5834	314
5835	410
5836	219
5837	215
5838	326
5839	367
5840	224
5841	222
5842	246
5843	153
5844	484
5845	409
5846	431
5847	24
5848	67
5849	293
5850	337
5851	276
5852	446
5853	28
5854	231
5855	283
5856	403
5857	43
5858	457
5859	116
5860	385
5861	174
5862	232
5863	243
5864	170
5865	459
5866	394
5867	474
5868	253
5869	144
5870	419
5871	430
5872	224
5873	375
5874	42
5875	331
5876	212
5877	1
5878	445
5879	188
5880	51
5881	224
5882	85
5883	387
5884	468
5885	49
5886	32
5887	266
5888	236
5889	149
5890	84
5891	261
5892	356
5893	271
5894	449
5895	429
5896	454
5897	131
5898	497
5899	294
5900	201
5901	122
5902	94
5903	403
5904	188
5905	275
5906	403
5907	158
5908	86
5909	437
5910	104
5911	62
5912	168
5913	151
5914	182
5915	25
5916	392
5917	436
5918	476
5919	104
5920	146
5921	124
5922	402
5923	382
5924	297
5925	274
5926	476
5927	485
5928	265
5929	2
5930	182
5931	51
5932	398
5933	480
5934	264
5935	396
5936	182
5937	314
5938	400
5939	49
5940	388
5941	225
5942	286
5943	84
5944	97
5945	223
5946	121
5947	173
5948	127
5949	224
5950	101
5951	402
5952	422
5953	330
5954	493
5955	209
5956	190
5957	118
5958	106
5959	258
5960	197
5961	469
5962	404
5963	483
5964	324
5965	47
5966	256
5967	196
5968	178
5969	132
5970	499
5971	241
5972	116
5973	176
5974	68
5975	44
5976	64
5977	325
5978	375
5979	22
5980	256
5981	13
5982	453
5983	218
5984	393
5985	133
5986	353
5987	253
5988	30
5989	482
5990	494
5991	206
5992	253
5993	266
5994	141
5995	473
5996	97
5997	76
5998	350
5999	19
6000	186
6001	407
6002	111
6003	467
6004	35
6005	390
6006	441
6007	282
6008	9
6009	144
6010	493
6011	28
6012	232
6013	337
6014	298
6015	221
6016	460
6017	449
6018	349
6019	198
6020	116
6021	258
6022	184
6023	44
6024	377
6025	62
6026	392
6027	253
6028	22
6029	1
6030	440
6031	131
6032	55
6033	500
6034	254
6035	189
6036	38
6037	137
6038	339
6039	347
6040	300
6041	376
6042	222
6043	305
6044	27
6045	236
6046	66
6047	69
6048	256
6049	380
6050	374
6051	144
6052	477
6053	276
6054	353
6055	253
6056	422
6057	12
6058	478
6059	320
6060	491
6061	480
6062	395
6063	324
6064	186
6065	366
6066	287
6067	490
6068	142
6069	141
6070	173
6071	208
6072	430
6073	20
6074	369
6075	263
6076	37
6077	9
6078	407
6079	185
6080	300
6081	421
6082	304
6083	365
6084	359
6085	373
6086	327
6087	146
6088	183
6089	180
6090	155
6091	228
6092	376
6093	332
6094	69
6095	260
6096	321
6097	273
6098	183
6099	437
6100	91
6101	74
6102	29
6103	408
6104	133
6105	499
6106	382
6107	250
6108	294
6109	25
6110	411
6111	218
6112	469
6113	452
6114	238
6115	317
6116	147
6117	485
6118	212
6119	99
6120	118
6121	34
6122	186
6123	1
6124	369
6125	334
6126	391
6127	138
6128	178
6129	145
6130	393
6131	416
6132	361
6133	35
6134	21
6135	463
6136	465
6137	483
6138	293
6139	157
6140	140
6141	300
6142	412
6143	374
6144	67
6145	313
6146	383
6147	53
6148	166
6149	253
6150	110
6151	474
6152	445
6153	87
6154	366
6155	300
6156	365
6157	240
6158	68
6159	112
6160	394
6161	417
6162	60
6163	375
6164	156
6165	115
6166	20
6167	384
6168	168
6169	153
6170	96
6171	377
6172	156
6173	49
6174	74
6175	399
6176	434
6177	463
6178	18
6179	146
6180	396
6181	244
6182	60
6183	411
6184	154
6185	417
6186	234
6187	113
6188	439
6189	187
6190	6
6191	269
6192	23
6193	233
6194	381
6195	279
6196	323
6197	416
6198	244
6199	211
6200	429
6201	464
6202	114
6203	369
6204	80
6205	458
6206	268
6207	438
6208	332
6209	78
6210	457
6211	416
6212	73
6213	68
6214	145
6215	36
6216	84
6217	238
6218	215
6219	295
6220	200
6221	263
6222	326
6223	385
6224	425
6225	163
6226	469
6227	246
6228	282
6229	373
6230	352
6231	14
6232	310
6233	282
6234	130
6235	301
6236	108
6237	273
6238	59
6239	442
6240	103
6241	450
6242	441
6243	214
6244	485
6245	481
6246	481
6247	1
6248	454
6249	375
6250	172
6251	247
6252	32
6253	126
6254	320
6255	238
6256	440
6257	454
6258	382
6259	267
6260	39
6261	174
6262	127
6263	409
6264	51
6265	431
6266	359
6267	292
6268	169
6269	75
6270	388
6271	62
6272	334
6273	357
6274	334
6275	300
6276	261
6277	401
6278	485
6279	174
6280	414
6281	201
6282	212
6283	40
6284	10
6285	495
6286	210
6287	319
6288	348
6289	131
6290	456
6291	324
6292	373
6293	134
6294	387
6295	480
6296	360
6297	274
6298	390
6299	179
6300	105
6301	205
6302	11
6303	294
6304	84
6305	254
6306	403
6307	500
6308	409
6309	292
6310	379
6311	124
6312	399
6313	149
6314	322
6315	318
6316	222
6317	385
6318	29
6319	174
6320	397
6321	180
6322	211
6323	234
6324	215
6325	190
6326	14
6327	20
6328	219
6329	293
6330	37
6331	155
6332	373
6333	441
6334	337
6335	264
6336	264
6337	287
6338	169
6339	239
6340	481
6341	119
6342	14
6343	323
6344	31
6345	152
6346	3
6347	493
6348	78
6349	217
6350	476
6351	146
6352	467
6353	220
6354	107
6355	347
6356	191
6357	109
6358	316
6359	8
6360	315
6361	341
6362	139
6363	122
6364	52
6365	74
6366	13
6367	290
6368	280
6369	270
6370	47
6371	327
6372	183
6373	439
6374	321
6375	448
6376	395
6377	485
6378	374
6379	413
6380	103
6381	426
6382	175
6383	181
6384	123
6385	224
6386	217
6387	365
6388	313
6389	265
6390	306
6391	355
6392	271
6393	310
6394	414
6395	374
6396	11
6397	373
6398	118
6399	444
6400	186
6401	228
6402	197
6403	31
6404	111
6405	292
6406	212
6407	313
6408	262
6409	105
6410	282
6411	197
6412	132
6413	375
6414	349
6415	421
6416	118
6417	153
6418	479
6419	378
6420	204
6421	26
6422	458
6423	355
6424	388
6425	168
6426	197
6427	108
6428	233
6429	90
6430	33
6431	417
6432	225
6433	445
6434	359
6435	349
6436	139
6437	358
6438	191
6439	450
6440	377
6441	390
6442	447
6443	293
6444	173
6445	126
6446	75
6447	5
6448	400
6449	424
6450	296
6451	117
6452	147
6453	183
6454	388
6455	32
6456	239
6457	318
6458	333
6459	98
6460	19
6461	271
6462	382
6463	182
6464	79
6465	301
6466	127
6467	354
6468	458
6469	188
6470	231
6471	105
6472	391
6473	140
6474	313
6475	320
6476	71
6477	177
6478	272
6479	167
6480	327
6481	125
6482	494
6483	172
6484	335
6485	258
6486	348
6487	218
6488	480
6489	397
6490	372
6491	46
6492	41
6493	341
6494	314
6495	487
6496	325
6497	44
6498	438
6499	236
6500	234
6501	475
6502	273
6503	93
6504	103
6505	127
6506	415
6507	210
6508	170
6509	158
6510	256
6511	363
6512	144
6513	370
6514	445
6515	79
6516	251
6517	271
6518	40
6519	7
6520	334
6521	438
6522	233
6523	406
6524	342
6525	242
6526	333
6527	250
6528	494
6529	16
6530	98
6531	60
6532	312
6533	94
6534	458
6535	123
6536	326
6537	22
6538	331
6539	79
6540	452
6541	230
6542	114
6543	487
6544	232
6545	433
6546	206
6547	212
6548	330
6549	329
6550	107
6551	203
6552	135
6553	122
6554	219
6555	29
6556	428
6557	52
6558	3
6559	123
6560	448
6561	277
6562	18
6563	215
6564	388
6565	2
6566	327
6567	331
6568	46
6569	414
6570	369
6571	152
6572	138
6573	478
6574	155
6575	469
6576	58
6577	42
6578	299
6579	23
6580	195
6581	46
6582	328
6583	107
6584	461
6585	308
6586	312
6587	208
6588	234
6589	160
6590	33
6591	162
6592	471
6593	103
6594	230
6595	225
6596	76
6597	482
6598	496
6599	337
6600	64
6601	319
6602	150
6603	240
6604	73
6605	212
6606	332
6607	314
6608	198
6609	446
6610	101
6611	394
6612	107
6613	339
6614	423
6615	430
6616	480
6617	117
6618	94
6619	478
6620	388
6621	171
6622	351
6623	488
6624	310
6625	394
6626	56
6627	214
6628	307
6629	154
6630	491
6631	65
6632	408
6633	479
6634	201
6635	48
6636	302
6637	334
6638	349
6639	75
6640	112
6641	228
6642	353
6643	285
6644	43
6645	323
6646	196
6647	204
6648	153
6649	307
6650	453
6651	413
6652	310
6653	13
6654	303
6655	91
6656	265
6657	214
6658	486
6659	486
6660	53
6661	277
6662	282
6663	356
6664	214
6665	356
6666	134
6667	259
6668	121
6669	317
6670	390
6671	360
6672	366
6673	185
6674	49
6675	230
6676	462
6677	209
6678	435
6679	80
6680	100
6681	462
6682	276
6683	78
6684	415
6685	51
6686	437
6687	176
6688	284
6689	68
6690	399
6691	31
6692	5
6693	29
6694	491
6695	359
6696	35
6697	57
6698	279
6699	323
6700	85
6701	427
6702	368
6703	193
6704	440
6705	217
6706	346
6707	13
6708	51
6709	442
6710	186
6711	164
6712	314
6713	321
6714	346
6715	39
6716	333
6717	92
6718	164
6719	145
6720	357
6721	174
6722	107
6723	454
6724	433
6725	31
6726	374
6727	492
6728	58
6729	224
6730	459
6731	351
6732	311
6733	496
6734	491
6735	117
6736	413
6737	333
6738	137
6739	242
6740	215
6741	85
6742	145
6743	232
6744	393
6745	430
6746	100
6747	139
6748	122
6749	458
6750	261
6751	106
6752	423
6753	76
6754	408
6755	491
6756	312
6757	397
6758	206
6759	250
6760	358
6761	281
6762	459
6763	418
6764	178
6765	456
6766	334
6767	395
6768	355
6769	429
6770	374
6771	200
6772	372
6773	212
6774	360
6775	131
6776	193
6777	264
6778	496
6779	383
6780	31
6781	213
6782	230
6783	315
6784	445
6785	388
6786	18
6787	193
6788	492
6789	120
6790	102
6791	432
6792	430
6793	362
6794	400
6795	400
6796	56
6797	20
6798	483
6799	49
6800	151
6801	219
6802	86
6803	62
6804	90
6805	163
6806	115
6807	317
6808	31
6809	475
6810	472
6811	33
6812	253
6813	419
6814	242
6815	369
6816	479
6817	444
6818	163
6819	206
6820	199
6821	37
6822	26
6823	466
6824	238
6825	161
6826	56
6827	410
6828	444
6829	397
6830	441
6831	424
6832	110
6833	156
6834	177
6835	295
6836	408
6837	408
6838	479
6839	452
6840	468
6841	211
6842	107
6843	102
6844	451
6845	322
6846	398
6847	56
6848	294
6849	25
6850	275
6851	292
6852	357
6853	412
6854	401
6855	349
6856	405
6857	238
6858	160
6859	156
6860	348
6861	422
6862	25
6863	67
6864	300
6865	137
6866	446
6867	157
6868	206
6869	140
6870	125
6871	426
6872	43
6873	214
6874	472
6875	389
6876	431
6877	109
6878	191
6879	380
6880	223
6881	380
6882	432
6883	453
6884	298
6885	306
6886	164
6887	115
6888	431
6889	184
6890	93
6891	16
6892	48
6893	168
6894	463
6895	24
6896	224
6897	480
6898	399
6899	1
6900	108
6901	415
6902	329
6903	172
6904	397
6905	475
6906	316
6907	376
6908	370
6909	261
6910	212
6911	475
6912	463
6913	343
6914	187
6915	487
6916	98
6917	86
6918	430
6919	356
6920	412
6921	90
6922	418
6923	181
6924	279
6925	141
6926	236
6927	81
6928	60
6929	143
6930	386
6931	77
6932	360
6933	287
6934	215
6935	263
6936	351
6937	464
6938	96
6939	160
6940	444
6941	367
6942	294
6943	340
6944	56
6945	179
6946	199
6947	32
6948	25
6949	386
6950	323
6951	389
6952	324
6953	181
6954	357
6955	336
6956	33
6957	188
6958	258
6959	482
6960	53
6961	384
6962	454
6963	266
6964	454
6965	255
6966	178
6967	429
6968	335
6969	381
6970	217
6971	229
6972	289
6973	176
6974	372
6975	322
6976	19
6977	444
6978	137
6979	218
6980	111
6981	94
6982	380
6983	334
6984	403
6985	391
6986	324
6987	60
6988	318
6989	160
6990	406
6991	375
6992	125
6993	246
6994	58
6995	182
6996	424
6997	221
6998	319
6999	137
7000	380
7001	478
7002	431
7003	147
7004	265
7005	271
7006	353
7007	130
7008	357
7009	161
7010	6
7011	306
7012	109
7013	184
7014	339
7015	158
7016	93
7017	108
7018	416
7019	259
7020	114
7021	374
7022	414
7023	491
7024	428
7025	383
7026	441
7027	234
7028	221
7029	176
7030	231
7031	126
7032	420
7033	210
7034	133
7035	410
7036	268
7037	436
7038	168
7039	428
7040	246
7041	455
7042	475
7043	233
7044	253
7045	192
7046	157
7047	400
7048	181
7049	69
7050	484
7051	376
7052	190
7053	43
7054	480
7055	318
7056	263
7057	142
7058	105
7059	376
7060	94
7061	88
7062	330
7063	140
7064	368
7065	307
7066	28
7067	324
7068	105
7069	204
7070	496
7071	237
7072	111
7073	378
7074	368
7075	253
7076	422
7077	76
7078	6
7079	60
7080	241
7081	28
7082	25
7083	196
7084	307
7085	66
7086	340
7087	260
7088	479
7089	67
7090	408
7091	68
7092	76
7093	111
7094	414
7095	388
7096	273
7097	384
7098	412
7099	33
7100	20
7101	283
7102	387
7103	181
7104	76
7105	173
7106	171
7107	127
7108	321
7109	339
7110	11
7111	23
7112	210
7113	95
7114	43
7115	393
7116	299
7117	466
7118	99
7119	25
7120	280
7121	267
7122	419
7123	456
7124	477
7125	136
7126	323
7127	20
7128	487
7129	186
7130	227
7131	497
7132	4
7133	144
7134	360
7135	247
7136	259
7137	237
7138	343
7139	130
7140	407
7141	11
7142	142
7143	405
7144	374
7145	377
7146	238
7147	363
7148	99
7149	51
7150	451
7151	3
7152	80
7153	450
7154	367
7155	494
7156	307
7157	373
7158	446
7159	322
7160	14
7161	279
7162	129
7163	247
7164	441
7165	323
7166	321
7167	359
7168	397
7169	94
7170	349
7171	96
7172	94
7173	89
7174	238
7175	488
7176	140
7177	1
7178	289
7179	396
7180	216
7181	228
7182	177
7183	388
7184	102
7185	497
7186	467
7187	495
7188	246
7189	267
7190	153
7191	499
7192	13
7193	62
7194	83
7195	323
7196	408
7197	151
7198	272
7199	172
7200	454
7201	315
7202	319
7203	318
7204	461
7205	332
7206	282
7207	458
7208	68
7209	182
7210	67
7211	3
7212	477
7213	36
7214	99
7215	98
7216	123
7217	47
7218	131
7219	206
7220	162
7221	148
7222	410
7223	456
7224	89
7225	12
7226	422
7227	387
7228	284
7229	389
7230	295
7231	179
7232	304
7233	146
7234	59
7235	261
7236	485
7237	12
7238	306
7239	296
7240	236
7241	324
7242	335
7243	367
7244	198
7245	418
7246	22
7247	22
7248	470
7249	274
7250	158
7251	81
7252	308
7253	21
7254	278
7255	275
7256	489
7257	165
7258	436
7259	499
7260	397
7261	296
7262	320
7263	115
7264	393
7265	423
7266	282
7267	16
7268	46
7269	483
7270	482
7271	336
7272	168
7273	299
7274	359
7275	262
7276	155
7277	126
7278	351
7279	225
7280	187
7281	169
7282	350
7283	67
7284	274
7285	171
7286	25
7287	311
7288	149
7289	362
7290	15
7291	488
7292	330
7293	72
7294	212
7295	224
7296	248
7297	159
7298	81
7299	483
7300	401
7301	373
7302	124
7303	109
7304	480
7305	253
7306	309
7307	359
7308	365
7309	418
7310	230
7311	155
7312	321
7313	345
7314	147
7315	12
7316	479
7317	497
7318	275
7319	45
7320	381
7321	92
7322	201
7323	246
7324	192
7325	27
7326	93
7327	365
7328	175
7329	303
7330	481
7331	265
7332	155
7333	332
7334	135
7335	99
7336	84
7337	137
7338	408
7339	259
7340	294
7341	244
7342	264
7343	348
7344	165
7345	150
7346	15
7347	407
7348	370
7349	224
7350	454
7351	80
7352	78
7353	478
7354	299
7355	469
7356	480
7357	205
7358	454
7359	13
7360	79
7361	139
7362	283
7363	253
7364	478
7365	13
7366	432
7367	193
7368	470
7369	299
7370	314
7371	392
7372	255
7373	425
7374	31
7375	140
7376	33
7377	136
7378	436
7379	201
7380	77
7381	488
7382	34
7383	148
7384	470
7385	419
7386	356
7387	250
7388	436
7389	35
7390	13
7391	219
7392	160
7393	222
7394	260
7395	447
7396	423
7397	354
7398	199
7399	393
7400	246
7401	41
7402	221
7403	140
7404	346
7405	178
7406	125
7407	91
7408	475
7409	216
7410	388
7411	282
7412	97
7413	103
7414	465
7415	307
7416	483
7417	53
7418	358
7419	245
7420	298
7421	476
7422	261
7423	80
7424	124
7425	279
7426	325
7427	85
7428	34
7429	137
7430	102
7431	410
7432	102
7433	261
7434	448
7435	35
7436	224
7437	66
7438	249
7439	299
7440	89
7441	296
7442	323
7443	387
7444	180
7445	285
7446	157
7447	64
7448	265
7449	113
7450	425
7451	93
7452	300
7453	106
7454	88
7455	308
7456	38
7457	297
7458	353
7459	75
7460	125
7461	41
7462	337
7463	461
7464	114
7465	284
7466	362
7467	226
7468	255
7469	481
7470	235
7471	106
7472	391
7473	95
7474	176
7475	202
7476	153
7477	61
7478	397
7479	464
7480	429
7481	174
7482	483
7483	495
7484	340
7485	472
7486	73
7487	470
7488	89
7489	163
7490	163
7491	43
7492	251
7493	46
7494	118
7495	260
7496	76
7497	86
7498	478
7499	332
7500	317
7501	118
7502	213
7503	500
7504	215
7505	19
7506	420
7507	332
7508	51
7509	30
7510	324
7511	325
7512	325
7513	11
7514	361
7515	217
7516	236
7517	498
7518	49
7519	297
7520	121
7521	34
7522	466
7523	64
7524	57
7525	391
7526	51
7527	205
7528	55
7529	199
7530	1
7531	285
7532	433
7533	88
7534	442
7535	167
7536	142
7537	353
7538	370
7539	154
7540	162
7541	478
7542	360
7543	251
7544	427
7545	18
7546	474
7547	76
7548	336
7549	292
7550	180
7551	466
7552	261
7553	195
7554	289
7555	302
7556	59
7557	392
7558	91
7559	215
7560	440
7561	385
7562	348
7563	358
7564	143
7565	177
7566	100
7567	244
7568	174
7569	470
7570	385
7571	79
7572	384
7573	390
7574	316
7575	250
7576	87
7577	117
7578	63
7579	153
7580	395
7581	382
7582	124
7583	116
7584	4
7585	222
7586	417
7587	79
7588	69
7589	57
7590	349
7591	428
7592	383
7593	19
7594	212
7595	8
7596	420
7597	499
7598	146
7599	319
7600	263
7601	32
7602	235
7603	302
7604	212
7605	457
7606	171
7607	82
7608	109
7609	330
7610	347
7611	74
7612	57
7613	349
7614	307
7615	256
7616	305
7617	316
7618	307
7619	465
7620	425
7621	317
7622	74
7623	364
7624	141
7625	135
7626	47
7627	417
7628	485
7629	458
7630	206
7631	492
7632	22
7633	215
7634	492
7635	470
7636	386
7637	410
7638	336
7639	399
7640	192
7641	219
7642	218
7643	126
7644	198
7645	410
7646	20
7647	120
7648	76
7649	254
7650	61
7651	429
7652	265
7653	62
7654	109
7655	247
7656	328
7657	151
7658	30
7659	234
7660	156
7661	193
7662	421
7663	86
7664	304
7665	278
7666	146
7667	88
7668	154
7669	367
7670	110
7671	195
7672	423
7673	79
7674	299
7675	52
7676	412
7677	494
7678	461
7679	52
7680	130
7681	351
7682	310
7683	439
7684	77
7685	310
7686	363
7687	498
7688	373
7689	21
7690	188
7691	455
7692	466
7693	354
7694	49
7695	420
7696	58
7697	85
7698	39
7699	146
7700	15
7701	385
7702	213
7703	438
7704	13
7705	61
7706	381
7707	406
7708	56
7709	202
7710	90
7711	104
7712	416
7713	13
7714	204
7715	63
7716	180
7717	294
7718	444
7719	487
7720	92
7721	248
7722	53
7723	460
7724	49
7725	295
7726	178
7727	394
7728	238
7729	1
7730	447
7731	78
7732	246
7733	25
7734	10
7735	57
7736	165
7737	356
7738	68
7739	468
7740	118
7741	352
7742	348
7743	44
7744	215
7745	23
7746	201
7747	163
7748	129
7749	415
7750	61
7751	321
7752	431
7753	423
7754	162
7755	219
7756	283
7757	112
7758	210
7759	248
7760	371
7761	66
7762	374
7763	393
7764	126
7765	11
7766	170
7767	354
7768	482
7769	194
7770	383
7771	445
7772	276
7773	52
7774	220
7775	210
7776	84
7777	97
7778	335
7779	137
7780	325
7781	451
7782	21
7783	229
7784	67
7785	442
7786	457
7787	114
7788	252
7789	123
7790	239
7791	212
7792	17
7793	255
7794	321
7795	52
7796	127
7797	451
7798	458
7799	135
7800	408
7801	346
7802	399
7803	475
7804	341
7805	395
7806	453
7807	238
7808	97
7809	93
7810	135
7811	404
7812	341
7813	292
7814	283
7815	318
7816	411
7817	173
7818	420
7819	319
7820	185
7821	228
7822	229
7823	416
7824	174
7825	158
7826	328
7827	278
7828	47
7829	489
7830	190
7831	234
7832	7
7833	93
7834	471
7835	247
7836	340
7837	430
7838	327
7839	388
7840	279
7841	439
7842	332
7843	131
7844	62
7845	440
7846	491
7847	179
7848	164
7849	98
7850	420
7851	273
7852	330
7853	175
7854	340
7855	145
7856	455
7857	133
7858	125
7859	247
7860	249
7861	162
7862	162
7863	157
7864	250
7865	412
7866	242
7867	439
7868	63
7869	115
7870	444
7871	301
7872	282
7873	444
7874	317
7875	16
7876	201
7877	326
7878	315
7879	498
7880	27
7881	417
7882	487
7883	134
7884	361
7885	65
7886	346
7887	280
7888	260
7889	54
7890	260
7891	417
7892	109
7893	86
7894	460
7895	423
7896	92
7897	307
7898	420
7899	415
7900	16
7901	360
7902	236
7903	475
7904	61
7905	134
7906	256
7907	396
7908	435
7909	64
7910	337
7911	325
7912	65
7913	411
7914	473
7915	338
7916	232
7917	476
7918	239
7919	296
7920	53
7921	431
7922	271
7923	30
7924	232
7925	290
7926	499
7927	485
7928	310
7929	250
7930	58
7931	314
7932	40
7933	157
7934	294
7935	423
7936	92
7937	480
7938	32
7939	358
7940	482
7941	236
7942	438
7943	293
7944	412
7945	208
7946	351
7947	48
7948	456
7949	257
7950	455
7951	257
7952	111
7953	147
7954	418
7955	144
7956	327
7957	348
7958	480
7959	161
7960	106
7961	317
7962	337
7963	75
7964	181
7965	181
7966	438
7967	398
7968	168
7969	403
7970	500
7971	403
7972	57
7973	465
7974	66
7975	21
7976	438
7977	165
7978	433
7979	316
7980	242
7981	102
7982	227
7983	339
7984	434
7985	369
7986	240
7987	170
7988	113
7989	441
7990	481
7991	246
7992	55
7993	449
7994	200
7995	204
7996	307
7997	44
7998	232
7999	191
8000	331
8001	158
8002	493
8003	369
8004	191
8005	360
8006	239
8007	323
8008	129
8009	184
8010	115
8011	63
8012	281
8013	394
8014	16
8015	455
8016	254
8017	32
8018	291
8019	306
8020	144
8021	144
8022	268
8023	336
8024	179
8025	462
8026	85
8027	264
8028	203
8029	261
8030	237
8031	462
8032	69
8033	30
8034	354
8035	328
8036	20
8037	500
8038	288
8039	483
8040	266
8041	347
8042	356
8043	52
8044	359
8045	371
8046	416
8047	361
8048	62
8049	93
8050	192
8051	373
8052	315
8053	450
8054	189
8055	68
8056	259
8057	96
8058	73
8059	157
8060	161
8061	371
8062	137
8063	419
8064	498
8065	27
8066	246
8067	285
8068	100
8069	244
8070	187
8071	227
8072	273
8073	52
8074	86
8075	306
8076	225
8077	197
8078	25
8079	82
8080	162
8081	226
8082	191
8083	25
8084	22
8085	215
8086	448
8087	425
8088	288
8089	91
8090	101
8091	111
8092	170
8093	166
8094	115
8095	370
8096	130
8097	320
8098	142
8099	308
8100	206
8101	128
8102	5
8103	268
8104	341
8105	199
8106	77
8107	266
8108	381
8109	264
8110	175
8111	303
8112	98
8113	403
8114	111
8115	393
8116	445
8117	148
8118	426
8119	311
8120	80
8121	332
8122	57
8123	20
8124	46
8125	156
8126	244
8127	124
8128	157
8129	359
8130	82
8131	35
8132	469
8133	162
8134	497
8135	15
8136	98
8137	199
8138	227
8139	96
8140	350
8141	45
8142	334
8143	421
8144	37
8145	362
8146	366
8147	466
8148	6
8149	481
8150	95
8151	58
8152	245
8153	345
8154	201
8155	29
8156	393
8157	349
8158	67
8159	49
8160	488
8161	58
8162	189
8163	377
8164	463
8165	115
8166	432
8167	5
8168	92
8169	307
8170	261
8171	217
8172	130
8173	260
8174	203
8175	244
8176	13
8177	368
8178	432
8179	365
8180	102
8181	413
8182	277
8183	404
8184	44
8185	303
8186	7
8187	165
8188	368
8189	223
8190	146
8191	207
8192	87
8193	208
8194	343
8195	468
8196	90
8197	315
8198	310
8199	455
8200	301
8201	335
8202	27
8203	387
8204	425
8205	437
8206	361
8207	259
8208	281
8209	110
8210	64
8211	460
8212	216
8213	87
8214	156
8215	416
8216	53
8217	185
8218	2
8219	241
8220	362
8221	109
8222	367
8223	89
8224	224
8225	378
8226	446
8227	301
8228	40
8229	118
8230	139
8231	222
8232	425
8233	99
8234	335
8235	424
8236	76
8237	221
8238	364
8239	280
8240	192
8241	482
8242	37
8243	267
8244	8
8245	257
8246	391
8247	204
8248	37
8249	408
8250	42
8251	380
8252	378
8253	308
8254	135
8255	448
8256	136
8257	326
8258	220
8259	263
8260	155
8261	191
8262	283
8263	203
8264	219
8265	177
8266	378
8267	256
8268	490
8269	254
8270	34
8271	249
8272	62
8273	168
8274	483
8275	469
8276	295
8277	391
8278	206
8279	81
8280	438
8281	227
8282	53
8283	442
8284	69
8285	442
8286	325
8287	187
8288	150
8289	344
8290	7
8291	360
8292	138
8293	290
8294	39
8295	405
8296	357
8297	390
8298	230
8299	61
8300	441
8301	460
8302	284
8303	182
8304	292
8305	189
8306	145
8307	467
8308	304
8309	199
8310	81
8311	394
8312	65
8313	353
8314	226
8315	51
8316	443
8317	324
8318	285
8319	1
8320	417
8321	154
8322	249
8323	362
8324	21
8325	342
8326	157
8327	160
8328	491
8329	294
8330	383
8331	101
8332	192
8333	312
8334	456
8335	176
8336	247
8337	475
8338	436
8339	249
8340	320
8341	185
8342	68
8343	378
8344	474
8345	249
8346	310
8347	257
8348	257
8349	340
8350	333
8351	333
8352	302
8353	439
8354	495
8355	43
8356	186
8357	209
8358	158
8359	382
8360	28
8361	280
8362	63
8363	182
8364	49
8365	1
8366	171
8367	488
8368	104
8369	490
8370	355
8371	138
8372	468
8373	166
8374	446
8375	252
8376	286
8377	204
8378	73
8379	91
8380	163
8381	497
8382	233
8383	260
8384	460
8385	179
8386	327
8387	178
8388	133
8389	392
8390	131
8391	390
8392	329
8393	153
8394	59
8395	191
8396	477
8397	340
8398	200
8399	359
8400	298
8401	187
8402	265
8403	194
8404	243
8405	265
8406	153
8407	352
8408	156
8409	252
8410	41
8411	489
8412	195
8413	164
8414	247
8415	345
8416	418
8417	419
8418	153
8419	438
8420	58
8421	324
8422	447
8423	427
8424	430
8425	210
8426	393
8427	115
8428	281
8429	478
8430	318
8431	241
8432	174
8433	204
8434	143
8435	335
8436	157
8437	411
8438	7
8439	444
8440	346
8441	221
8442	148
8443	120
8444	134
8445	459
8446	18
8447	252
8448	109
8449	284
8450	304
8451	140
8452	352
8453	331
8454	42
8455	397
8456	404
8457	272
8458	169
8459	405
8460	14
8461	87
8462	493
8463	347
8464	119
8465	71
8466	18
8467	442
8468	203
8469	100
8470	325
8471	321
8472	474
8473	129
8474	173
8475	182
8476	133
8477	284
8478	37
8479	492
8480	300
8481	2
8482	389
8483	268
8484	324
8485	212
8486	424
8487	303
8488	279
8489	17
8490	437
8491	45
8492	90
8493	327
8494	275
8495	256
8496	304
8497	382
8498	479
8499	219
8500	282
8501	65
8502	58
8503	128
8504	445
8505	488
8506	189
8507	227
8508	477
8509	110
8510	41
8511	26
8512	497
8513	88
8514	310
8515	144
8516	47
8517	250
8518	398
8519	70
8520	133
8521	202
8522	127
8523	497
8524	173
8525	296
8526	37
8527	147
8528	391
8529	286
8530	179
8531	30
8532	378
8533	126
8534	223
8535	67
8536	280
8537	225
8538	456
8539	367
8540	179
8541	11
8542	176
8543	223
8544	385
8545	496
8546	255
8547	375
8548	367
8549	370
8550	299
8551	301
8552	104
8553	472
8554	382
8555	370
8556	217
8557	342
8558	224
8559	179
8560	382
8561	18
8562	119
8563	335
8564	330
8565	195
8566	2
8567	289
8568	167
8569	353
8570	48
8571	64
8572	155
8573	448
8574	243
8575	276
8576	60
8577	127
8578	476
8579	352
8580	382
8581	255
8582	338
8583	283
8584	283
8585	401
8586	443
8587	23
8588	425
8589	376
8590	205
8591	174
8592	476
8593	261
8594	395
8595	244
8596	361
8597	284
8598	403
8599	325
8600	102
8601	415
8602	468
8603	349
8604	321
8605	366
8606	18
8607	46
8608	383
8609	195
8610	451
8611	401
8612	338
8613	106
8614	122
8615	477
8616	272
8617	315
8618	451
8619	158
8620	300
8621	391
8622	344
8623	93
8624	236
8625	46
8626	280
8627	121
8628	380
8629	39
8630	232
8631	114
8632	486
8633	304
8634	261
8635	446
8636	424
8637	192
8638	428
8639	465
8640	34
8641	416
8642	265
8643	375
8644	409
8645	400
8646	436
8647	66
8648	470
8649	103
8650	475
8651	279
8652	476
8653	365
8654	292
8655	374
8656	289
8657	53
8658	268
8659	492
8660	368
8661	317
8662	433
8663	243
8664	109
8665	59
8666	448
8667	378
8668	150
8669	299
8670	424
8671	497
8672	162
8673	62
8674	349
8675	482
8676	21
8677	133
8678	401
8679	386
8680	57
8681	287
8682	66
8683	112
8684	266
8685	211
8686	278
8687	158
8688	106
8689	49
8690	465
8691	340
8692	500
8693	133
8694	482
8695	241
8696	66
8697	223
8698	186
8699	412
8700	224
8701	337
8702	180
8703	100
8704	89
8705	359
8706	284
8707	441
8708	292
8709	239
8710	186
8711	59
8712	366
8713	487
8714	482
8715	180
8716	350
8717	214
8718	224
8719	62
8720	336
8721	314
8722	358
8723	44
8724	473
8725	146
8726	20
8727	49
8728	322
8729	139
8730	185
8731	251
8732	399
8733	440
8734	207
8735	204
8736	353
8737	20
8738	49
8739	2
8740	119
8741	314
8742	221
8743	13
8744	89
8745	484
8746	294
8747	412
8748	225
8749	381
8750	239
8751	206
8752	420
8753	309
8754	56
8755	422
8756	60
8757	62
8758	245
8759	72
8760	426
8761	359
8762	442
8763	306
8764	109
8765	377
8766	474
8767	179
8768	150
8769	259
8770	51
8771	313
8772	180
8773	115
8774	256
8775	292
8776	145
8777	266
8778	42
8779	376
8780	139
8781	351
8782	302
8783	462
8784	284
8785	464
8786	207
8787	68
8788	209
8789	414
8790	336
8791	112
8792	269
8793	198
8794	228
8795	160
8796	19
8797	177
8798	165
8799	243
8800	409
8801	387
8802	191
8803	449
8804	5
8805	163
8806	453
8807	85
8808	367
8809	445
8810	151
8811	263
8812	446
8813	97
8814	326
8815	271
8816	412
8817	223
8818	441
8819	434
8820	235
8821	246
8822	8
8823	301
8824	426
8825	344
8826	294
8827	142
8828	12
8829	290
8830	354
8831	238
8832	153
8833	440
8834	290
8835	221
8836	224
8837	467
8838	168
8839	158
8840	73
8841	315
8842	26
8843	367
8844	68
8845	205
8846	454
8847	438
8848	379
8849	369
8850	5
8851	405
8852	192
8853	180
8854	431
8855	388
8856	306
8857	445
8858	405
8859	325
8860	392
8861	170
8862	19
8863	424
8864	296
8865	314
8866	252
8867	433
8868	145
8869	473
8870	264
8871	10
8872	87
8873	196
8874	353
8875	302
8876	349
8877	296
8878	451
8879	288
8880	238
8881	230
8882	114
8883	114
8884	131
8885	49
8886	35
8887	396
8888	132
8889	430
8890	74
8891	275
8892	236
8893	129
8894	17
8895	102
8896	54
8897	444
8898	287
8899	168
8900	229
8901	190
8902	150
8903	51
8904	52
8905	77
8906	373
8907	276
8908	62
8909	271
8910	348
8911	113
8912	313
8913	136
8914	50
8915	72
8916	381
8917	431
8918	274
8919	366
8920	57
8921	386
8922	28
8923	228
8924	151
8925	200
8926	402
8927	16
8928	51
8929	302
8930	474
8931	201
8932	212
8933	219
8934	400
8935	61
8936	88
8937	282
8938	298
8939	485
8940	130
8941	107
8942	399
8943	11
8944	300
8945	293
8946	347
8947	446
8948	438
8949	354
8950	494
8951	96
8952	149
8953	277
8954	102
8955	240
8956	185
8957	189
8958	315
8959	475
8960	318
8961	191
8962	114
8963	287
8964	127
8965	335
8966	179
8967	222
8968	116
8969	262
8970	261
8971	475
8972	236
8973	219
8974	245
8975	246
8976	431
8977	302
8978	30
8979	206
8980	242
8981	182
8982	234
8983	345
8984	45
8985	238
8986	21
8987	46
8988	324
8989	20
8990	219
8991	135
8992	224
8993	70
8994	211
8995	457
8996	10
8997	420
8998	480
8999	270
9000	410
9001	499
9002	344
9003	45
9004	24
9005	465
9006	390
9007	151
9008	344
9009	183
9010	371
9011	41
9012	321
9013	481
9014	364
9015	366
9016	264
9017	484
9018	185
9019	291
9020	291
9021	298
9022	208
9023	232
9024	26
9025	478
9026	125
9027	382
9028	489
9029	48
9030	112
9031	76
9032	48
9033	381
9034	80
9035	180
9036	120
9037	280
9038	194
9039	408
9040	451
9041	256
9042	121
9043	320
9044	271
9045	152
9046	170
9047	288
9048	249
9049	455
9050	486
9051	338
9052	237
9053	313
9054	66
9055	131
9056	118
9057	206
9058	266
9059	166
9060	490
9061	172
9062	122
9063	312
9064	308
9065	186
9066	163
9067	92
9068	71
9069	479
9070	148
9071	209
9072	211
9073	168
9074	321
9075	264
9076	203
9077	473
9078	167
9079	342
9080	323
9081	366
9082	146
9083	248
9084	167
9085	487
9086	223
9087	118
9088	195
9089	272
9090	259
9091	241
9092	312
9093	332
9094	116
9095	132
9096	37
9097	455
9098	260
9099	150
9100	203
9101	253
9102	98
9103	229
9104	98
9105	466
9106	458
9107	326
9108	223
9109	397
9110	71
9111	460
9112	195
9113	213
9114	293
9115	253
9116	364
9117	213
9118	310
9119	344
9120	8
9121	129
9122	135
9123	237
9124	384
9125	255
9126	234
9127	450
9128	214
9129	237
9130	422
9131	171
9132	50
9133	283
9134	52
9135	388
9136	46
9137	66
9138	390
9139	397
9140	82
9141	164
9142	125
9143	29
9144	401
9145	18
9146	325
9147	444
9148	201
9149	10
9150	47
9151	422
9152	189
9153	29
9154	473
9155	79
9156	340
9157	235
9158	373
9159	1
9160	419
9161	81
9162	286
9163	178
9164	48
9165	137
9166	96
9167	207
9168	78
9169	126
9170	204
9171	493
9172	348
9173	43
9174	494
9175	193
9176	324
9177	431
9178	177
9179	369
9180	364
9181	288
9182	300
9183	189
9184	497
9185	213
9186	105
9187	170
9188	64
9189	312
9190	268
9191	486
9192	203
9193	234
9194	262
9195	116
9196	267
9197	108
9198	100
9199	167
9200	41
9201	24
9202	325
9203	304
9204	282
9205	329
9206	474
9207	300
9208	175
9209	152
9210	18
9211	312
9212	269
9213	401
9214	206
9215	78
9216	402
9217	112
9218	241
9219	445
9220	56
9221	196
9222	204
9223	108
9224	57
9225	207
9226	38
9227	29
9228	383
9229	182
9230	460
9231	34
9232	319
9233	314
9234	185
9235	26
9236	289
9237	157
9238	490
9239	132
9240	168
9241	450
9242	424
9243	25
9244	47
9245	304
9246	31
9247	348
9248	208
9249	103
9250	168
9251	120
9252	53
9253	369
9254	443
9255	126
9256	322
9257	422
9258	19
9259	417
9260	353
9261	20
9262	475
9263	248
9264	54
9265	93
9266	362
9267	455
9268	116
9269	432
9270	3
9271	209
9272	231
9273	306
9274	3
9275	55
9276	317
9277	426
9278	15
9279	408
9280	490
9281	335
9282	317
9283	395
9284	459
9285	406
9286	145
9287	131
9288	303
9289	174
9290	495
9291	233
9292	445
9293	163
9294	360
9295	21
9296	452
9297	430
9298	18
9299	5
9300	45
9301	468
9302	133
9303	235
9304	456
9305	275
9306	306
9307	224
9308	92
9309	198
9310	302
9311	49
9312	5
9313	161
9314	219
9315	404
9316	109
9317	159
9318	226
9319	359
9320	8
9321	407
9322	234
9323	450
9324	125
9325	384
9326	369
9327	307
9328	124
9329	38
9330	457
9331	113
9332	181
9333	201
9334	482
9335	364
9336	104
9337	462
9338	281
9339	347
9340	276
9341	404
9342	402
9343	164
9344	276
9345	312
9346	12
9347	75
9348	444
9349	136
9350	56
9351	98
9352	78
9353	9
9354	74
9355	422
9356	446
9357	332
9358	420
9359	196
9360	336
9361	71
9362	204
9363	110
9364	216
9365	492
9366	251
9367	195
9368	155
9369	217
9370	114
9371	159
9372	128
9373	299
9374	232
9375	303
9376	375
9377	154
9378	181
9379	138
9380	34
9381	122
9382	302
9383	463
9384	485
9385	138
9386	349
9387	499
9388	153
9389	163
9390	204
9391	84
9392	418
9393	77
9394	29
9395	242
9396	288
9397	395
9398	37
9399	408
9400	265
9401	369
9402	483
9403	413
9404	83
9405	81
9406	24
9407	301
9408	496
9409	129
9410	293
9411	388
9412	75
9413	52
9414	326
9415	265
9416	173
9417	405
9418	73
9419	349
9420	17
9421	332
9422	200
9423	494
9424	125
9425	1
9426	219
9427	270
9428	272
9429	85
9430	404
9431	143
9432	268
9433	226
9434	73
9435	412
9436	99
9437	360
9438	482
9439	151
9440	182
9441	288
9442	462
9443	352
9444	81
9445	130
9446	393
9447	443
9448	113
9449	154
9450	373
9451	358
9452	147
9453	390
9454	122
9455	490
9456	449
9457	472
9458	189
9459	126
9460	332
9461	78
9462	482
9463	287
9464	450
9465	291
9466	463
9467	5
9468	207
9469	358
9470	250
9471	284
9472	242
9473	99
9474	284
9475	322
9476	89
9477	229
9478	364
9479	476
9480	31
9481	173
9482	65
9483	308
9484	492
9485	347
9486	36
9487	226
9488	222
9489	275
9490	92
9491	54
9492	236
9493	189
9494	309
9495	408
9496	489
9497	106
9498	431
9499	175
9500	276
9501	408
9502	468
9503	95
9504	30
9505	168
9506	453
9507	109
9508	312
9509	429
9510	77
9511	479
9512	476
9513	62
9514	426
9515	315
9516	106
9517	122
9518	470
9519	424
9520	440
9521	172
9522	92
9523	360
9524	103
9525	463
9526	32
9527	131
9528	13
9529	61
9530	74
9531	388
9532	352
9533	366
9534	283
9535	184
9536	296
9537	81
9538	280
9539	247
9540	364
9541	458
9542	210
9543	416
9544	91
9545	57
9546	309
9547	311
9548	170
9549	138
9550	487
9551	197
9552	199
9553	160
9554	221
9555	11
9556	325
9557	190
9558	7
9559	420
9560	54
9561	12
9562	30
9563	307
9564	43
9565	193
9566	425
9567	4
9568	20
9569	403
9570	100
9571	353
9572	163
9573	314
9574	401
9575	433
9576	198
9577	107
9578	358
9579	261
9580	457
9581	460
9582	95
9583	215
9584	230
9585	474
9586	309
9587	124
9588	453
9589	474
9590	236
9591	153
9592	80
9593	262
9594	400
9595	3
9596	443
9597	188
9598	76
9599	344
9600	298
9601	26
9602	232
9603	443
9604	320
9605	330
9606	282
9607	254
9608	2
9609	158
9610	490
9611	402
9612	64
9613	362
9614	201
9615	490
9616	126
9617	9
9618	326
9619	57
9620	224
9621	305
9622	75
9623	414
9624	342
9625	160
9626	22
9627	456
9628	89
9629	265
9630	144
9631	67
9632	373
9633	199
9634	93
9635	430
9636	366
9637	283
9638	493
9639	397
9640	42
9641	180
9642	426
9643	36
9644	304
9645	38
9646	333
9647	75
9648	157
9649	256
9650	485
9651	97
9652	402
9653	65
9654	96
9655	93
9656	213
9657	417
9658	21
9659	341
9660	385
9661	405
9662	218
9663	249
9664	206
9665	446
9666	129
9667	452
9668	62
9669	361
9670	192
9671	10
9672	121
9673	241
9674	71
9675	428
9676	205
9677	116
9678	397
9679	406
9680	97
9681	154
9682	183
9683	301
9684	66
9685	398
9686	314
9687	248
9688	120
9689	102
9690	170
9691	461
9692	353
9693	66
9694	268
9695	205
9696	456
9697	155
9698	452
9699	15
9700	338
9701	344
9702	327
9703	283
9704	472
9705	225
9706	346
9707	311
9708	396
9709	18
9710	152
9711	258
9712	446
9713	498
9714	384
9715	313
9716	280
9717	154
9718	157
9719	116
9720	267
9721	75
9722	385
9723	418
9724	69
9725	427
9726	249
9727	65
9728	92
9729	222
9730	429
9731	108
9732	464
9733	270
9734	39
9735	316
9736	62
9737	319
9738	357
9739	27
9740	275
9741	43
9742	474
9743	130
9744	321
9745	125
9746	39
9747	25
9748	166
9749	76
9750	496
9751	462
9752	96
9753	43
9754	4
9755	487
9756	106
9757	436
9758	301
9759	74
9760	345
9761	76
9762	256
9763	276
9764	387
9765	216
9766	200
9767	330
9768	146
9769	315
9770	418
9771	476
9772	54
9773	414
9774	497
9775	29
9776	266
9777	119
9778	466
9779	9
9780	318
9781	2
9782	325
9783	434
9784	218
9785	342
9786	472
9787	449
9788	99
9789	348
9790	460
9791	345
9792	118
9793	57
9794	488
9795	167
9796	403
9797	154
9798	110
9799	22
9800	415
9801	384
9802	145
9803	113
9804	452
9805	477
9806	65
9807	323
9808	440
9809	319
9810	391
9811	221
9812	81
9813	394
9814	102
9815	45
9816	426
9817	79
9818	146
9819	169
9820	142
9821	315
9822	287
9823	167
9824	292
9825	203
9826	230
9827	389
9828	162
9829	27
9830	249
9831	274
9832	44
9833	49
9834	397
9835	294
9836	313
9837	110
9838	163
9839	489
9840	438
9841	56
9842	440
9843	294
9844	499
9845	84
9846	12
9847	87
9848	442
9849	237
9850	24
9851	371
9852	437
9853	352
9854	114
9855	414
9856	440
9857	327
9858	169
9859	39
9860	37
9861	325
9862	301
9863	381
9864	50
9865	174
9866	246
9867	51
9868	108
9869	89
9870	336
9871	207
9872	158
9873	59
9874	252
9875	158
9876	286
9877	251
9878	20
9879	132
9880	295
9881	391
9882	368
9883	324
9884	43
9885	440
9886	125
9887	406
9888	16
9889	138
9890	41
9891	441
9892	478
9893	292
9894	282
9895	305
9896	9
9897	305
9898	42
9899	267
9900	49
9901	312
9902	295
9903	469
9904	148
9905	134
9906	315
9907	53
9908	119
9909	269
9910	48
9911	129
9912	208
9913	42
9914	79
9915	453
9916	231
9917	350
9918	345
9919	209
9920	351
9921	139
9922	41
9923	276
9924	174
9925	409
9926	370
9927	46
9928	179
9929	476
9930	19
9931	139
9932	300
9933	173
9934	71
9935	240
9936	131
9937	30
9938	187
9939	78
9940	204
9941	284
9942	272
9943	370
9944	197
9945	350
9946	448
9947	138
9948	309
9949	402
9950	220
9951	312
9952	32
9953	129
9954	485
9955	264
9956	138
9957	12
9958	287
9959	313
9960	460
9961	364
9962	48
9963	282
9964	479
9965	283
9966	296
9967	422
9968	436
9969	225
9970	483
9971	433
9972	443
9973	427
9974	65
9975	340
9976	433
9977	36
9978	492
9979	358
9980	403
9981	292
9982	380
9983	204
9984	378
9985	252
9986	414
9987	145
9988	27
9989	232
9990	462
9991	445
9992	240
9993	65
9994	490
9995	82
9996	16
9997	230
9998	23
9999	468
10000	107
